AGE00147719,	[(1888,93.06590257879657,265.2011494252874)(1889,87.18213058419244,260.0740740740741)]
AGE00147720,	[(1888,56.67289719626168,219.3827160493827)(1889,51.63548387096774,214.6372239747634)]
ASN00031010,	[(1889,228.9655172413793,306.9032258064516)]
ASN00048030,	[(1881,90.04838709677419,275.8774834437086),(1882,112.65650969529086,null),(1883,104.31506849315069,290.47633136094674),(1884,104.02011494252874,324.625),(1885,108.1921921921922,286.26126126126127),(1886,110.14520547945206,270.6684931506849),(1887,105.58630136986301,284.56986301369864),(1888,128.224043715847,299.3415300546448)(1889,154.96986301369864,288.18630136986303)]
ASN00065016,	[(1880,112.32786885245902,264.8415300546448),(1881,103.78904109589041,247.46849315068494),(1882,110.52602739726028,252.3123287671233),(1883,98.29752066115702,238.74520547945207),(1884,84.03825136612022,241.94808743169398),(1885,95.59943977591037,259.08813559322033),(1886,94.63013698630137,237.76954732510288),(1887,89.51506849315068,336.9032258064516),(1888,90.10655737704919,270.70652173913044)(1889,130.53698630136986,239.2986301369863)]
ASN00066062,	[(1880,133.54918032786884,208.04918032786884),(1881,130.8904109589041,204.2164383561644),(1882,135.813698630137,211.42191780821918),(1883,129.81643835616438,206.47123287671232),(1884,135.60109289617486,211.74043715846994),(1885,137.92876712328768,215.85205479452054),(1886,136.74246575342465,212.38630136986302),(1887,138.22739726027396,202.7917808219178),(1888,133.75068493150684,209.08219178082192)(1889,143.06849315068493,207.27671232876713)]
ASN00091049,	[(1884,108.5,234.74074074074073)]
AU000006306,	[(1880,45.47540983606557,131.1830601092896),(1881,38.41917808219178,123.01917808219179),(1882,43.95616438356164,131.42465753424656),(1883,39.88767123287671,123.52328767123288),(1884,56.71311475409836,141.04918032786884),(1885,48.986301369863014,141.12876712328767),(1886,54.345205479452055,139.14520547945204),(1887,39.61095890410959,126.2),(1888,44.20765027322405,128.1830601092896)(1889,46.61917808219178,125.73424657534247)]
CA003031093,	[(1881,-121.71641791044776,17.029850746268657),(1882,-103.86324786324786,38.504273504273506),(1884,-30.78804347826087,104.21739130434783),(1885,-32.34550561797753,121.79213483146067),(1886,-39.83835616438356,106.61917808219178),(1887,-54.26575342465753,81.44383561643835),(1888,-37.97540983606557,91.42622950819673)(1889,-27.473972602739725,123.40273972602739)]
CA005023243,	[(1880,-65.84426229508196,57.47540983606557),(1881,-58.49315068493151,71.68767123287671),(1882,-50.40821917808219,72.06575342465753),(1883,-80.62191780821918,47.45753424657534),(1884,-65.04371584699453,44.095628415300546),(1885,-61.8986301369863,60.47123287671233),(1886,-60.81369863013698,75.83287671232877),(1887,-73.5041095890411,63.92054794520548),(1888,-62.30327868852459,64.80874316939891)(1889,-45.14520547945205,92.34246575342466)]
CA006092915,	[(1882,-104.16071428571429,-16.767857142857142)]
CA006101872,	[(1880,8.969945355191257,121.81693989071039),(1881,14.136986301369863,120.79452054794521),(1882,6.695890410958904,110.77808219178083),(1883,-8.975342465753425,103.96712328767123),(1884,3.210382513661202,109.74863387978142),(1885,-6.901369863013699,97.46301369863014),(1886,1.4465753424657535,109.98901098901099)(1887,-2.6904109589041094,108.22191780821917)]
CA006108060,	[(1880,-28.311475409836067,100.5792349726776),(1881,-23.03287671232877,109.96164383561644),(1882,-26.4027397260274,98.37808219178082),(1883,-51.706849315068496,83.74246575342465),(1884,-35.37158469945355,95.30874316939891),(1885,-49.6986301369863,84.24383561643836),(1886,-40.9013698630137,95.21643835616439),(1887,-45.24931506849315,98.4876712328767),(1888,-41.82513661202186,86.56010928961749)(1889,-16.616438356164384,106.23835616438356)]
CA006110605,	[(1880,-17.1775956284153,104.93442622950819),(1881,-12.126027397260273,116.79178082191781),(1882,-18.528767123287672,103.2986301369863),(1883,-38.99178082191781,84.86301369863014),(1884,-22.3551912568306,95.34520547945205),(1885,-32.0986301369863,80.13424657534246),(1886,-21.421917808219177,92.67671232876712),(1887,-26.257534246575343,97.28219178082192),(1888,-26.595628415300546,84.10928961748634)(1889,-1.5178082191780822,102.88493150684931)]
CA006122845,	[(1880,39.63387978142077,119.19125683060109),(1881,36.55068493150685,119.78356164383561),(1882,41.02465753424657,119.36986301369863),(1883,17.027397260273972,102.45479452054795),(1884,29.07103825136612,112.60928961748634),(1885,10.95068493150685,97.8986301369863),(1886,23.065753424657533,108.66027397260274)(1887,24.361643835616437,112.69589041095891)]
CA006144470,	[(1880,24.25824175824176,116.28333333333333),(1881,26.058282208588956,134.52147239263803),(1882,19.73860182370821,124.78353658536585),(1883,0.6646884272997032,112.87761194029851),(1884,-0.08256880733944955,117.4329268292683),(1885,-6.305882352941176,105.81231671554252),(1886,-6.609427609427609,102.13898305084746),(1887,1.1628664495114007,108.9640522875817),(1888,-9.537267080745341,99.6269592476489)(1889,-7.315789473684211,94.55263157894737)]
CA006147340,	[(1888,-57.064516129032256,10.32258064516129)(1889,21.019178082191782,125.9972602739726)]
CA007016280,	[(1880,-14.005464480874316,90.32786885245902),(1881,-5.635616438356164,91.45205479452055),(1882,-17.16986301369863,81.94794520547946),(1883,-27.972602739726028,74.45753424657535),(1884,-16.07123287671233,77.83835616438355),(1885,-24.61917808219178,72.4931506849315),(1886,-18.372602739726027,80.73424657534247),(1887,-16.794520547945204,75.6986301369863),(1888,-19.243169398907103,66.53825136612022)(1889,1.736986301369863,85.73972602739725)]
CA007026465,	[(1880,-5.803827751196172,128.2488038277512),(1881,37.53005464480874,151.53296703296704),(1882,-16.892857142857142,97.89041095890411),(1883,-33.8986301369863,92.36813186813187),(1884,-19.50137741046832,100.98626373626374),(1885,-36.172602739726024,94.18082191780822),(1886,-27.254794520547946,104.51648351648352),(1887,-29.975274725274726,99.72054794520548),(1888,-30.44931506849315,89.19945355191257)(1889,-4.381868131868132,112.57142857142857)]
CA008101230,	[(1880,-123.74193548387096,-24.35483870967742),(1888,-14.827868852459016,85.39071038251366)(1889,9.873972602739727,97.22465753424657)]
CYE00100074,	[(1881,138.73793103448276,275.9597315436242),(1882,84.61581920903954,220.86524822695034),(1883,67.87037037037037,262.36164383561646),(1884,97.44267515923566,266.1878453038674),(1885,119.03370786516854,274.87772925764193),(1886,108.99178082191781,274.6868131868132),(1887,118.9041095890411,262.6191780821918),(1888,124.93169398907104,257.57923497267757)(1889,135.24786324786325,263.0412087912088)]
EZE00100082,	[(1880,58.71857923497268,130.62568306010928),(1881,47.778082191780825,116.31506849315069),(1882,61.273972602739725,129.17808219178082),(1883,55.1945205479452,122.53972602739726),(1884,60.1448087431694,130.0655737704918),(1885,56.967123287671235,128.1068493150685),(1886,58.893150684931506,128.96438356164384),(1887,48.942465753424656,116.68219178082192),(1888,49.27049180327869,116.44535519125684)(1889,56.16438356164384,120.59178082191781)]
FRE00104937,	[(1880,null,9990.0),(1881,null,9990.0),(1882,null,9990.0),(1883,null,9990.0),(1884,null,9990.0),(1885,null,9990.0),(1886,null,9990.0),(1887,null,9990.0),(1888,null,9990.0)(1889,null,9990.0)]
GM000003319,	[(1880,61.978142076502735,140.35245901639345),(1881,48.38082191780822,125.21095890410959),(1882,59.33150684931507,137.9808219178082),(1883,41.33424657534247,129.4849315068493),(1884,46.68852459016394,137.30327868852459),(1885,41.463013698630135,126.40821917808219),(1886,39.0027397260274,131.13972602739727),(1887,49.657534246575345,121.66027397260274),(1888,45.48360655737705,115.98360655737704)(1889,55.93698630136986,124.82465753424657)]
HR000142360,	[(1881,62.33698630136986,139.58356164383562),(1882,74.46849315068494,159.6054794520548),(1883,64.2904109589041,143.77534246575343),(1884,68.77595628415301,149.39617486338798),(1885,75.21917808219177,156.75890410958905),(1886,71.19658119658119,149.2193732193732),(1887,65.84383561643835,146.3123287671233),(1888,58.73497267759563,139.34426229508196)(1889,67.40547945205479,138.34246575342465)]
ITE00100554,	[(1880,91.98087431693989,175.07650273224044),(1881,89.87945205479453,172.1041095890411),(1882,93.92876712328767,176.9972602739726),(1883,86.67945205479452,166.51232876712328),(1884,88.87158469945355,173.54098360655738),(1885,92.71232876712328,170.70958904109588),(1886,93.41369863013699,173.64383561643837),(1887,82.10958904109589,165.1205479452055),(1888,83.19945355191257,166.2486338797814)(1889,85.68767123287671,168.3041095890411)]
TX000038763,	[(1883,211.25,null),(1885,56.59322033898305,199.0)(1889,61.98913043478261,null)]
TX000038895,	[(1889,48.888888888888886,null)]
UPM00033910,	[(1885,53.484931506849314,null),(1886,56.92328767123288,null),(1887,62.26575342465753,null)(1889,52.54545454545455,null)]
UPM00033946,	[(1886,87.04081632653062,null),(1887,58.667655786350146,null),(1888,51.885714285714286,null)(1889,57.970238095238095,null)]
USC00033466,	[(1887,-13.774193548387096,141.78571428571428),(1888,95.37808219178082,null)(1889,99.80494505494505,246.20520231213874)]
USC00046115,	[(1888,175.22282608695653,320.6358695652174)(1889,145.0,274.793427230047)]
USC00195317,	[(1887,-16.36842105263158,81.02631578947368)(1888,-85.85393258426966,16.786516853932586)]
USC00196770,	[(1886,48.90909090909091,168.3262195121951),(1887,28.750692520775623,132.81994459833794)(1889,-30.0,-3.225806451612903)]
USC00207097,	[(1889,46.596774193548384,155.43548387096774)]
USC00261395,	[(1889,86.73818181818181,205.3822393822394)]
USC00307633,	[(1885,82.13071895424837,154.86928104575162),(1886,63.057534246575344,142.0191780821918),(1887,65.53972602739726,144.24657534246575),(1888,57.478142076502735,136.0)(1889,21.278145695364238,97.98675496688742)]
USC00413257,	[(1880,118.80601092896175,234.54644808743168),(1881,115.32463768115942,221.04347826086956),(1882,113.95541401273886,243.38535031847132)(1883,-8.26530612244898,137.9387755102041)]
USC00413270,	[(1880,71.58677685950413,215.95867768595042)]
USC00462735,	[(1889,105.15217391304348,166.54347826086956)]
USC00464897,	[(1889,108.3723849372385,184.94979079497907)]
USC00466207,	[(1880,80.82222222222222,176.125),(1881,80.30958904109589,174.22465753424657),(1882,75.83287671232877,166.23561643835617)(1883,-21.355555555555554,77.16666666666667)]
USW00012945,	[(1883,196.2394366197183,325.92056074766356),(1884,192.85981308411215,313.4766355140187),(1885,198.58695652173913,301.0869565217391),(1886,197.00980392156862,306.4019607843137),(1887,192.65217391304347,317.19565217391306)(1888,193.45054945054946,297.38461538461536)]
USW00053919,	[(1883,151.36,293.58152173913044),(1884,153.56140350877192,293.2083333333333),(1885,172.93023255813952,301.9022988505747),(1886,174.6457142857143,306.1333333333333),(1887,118.45238095238095,316.3809523809524),(1888,116.6875,242.25)(1889,103.90322580645162,257.06451612903226)]
