AGE00147709,	[(1884,95.11748633879782,189.33018867924528),(1885,97.69041095890411,197.72754491017963),(1886,96.87671232876713,182.85555555555555),(1887,96.2958904109589,183.53424657534248),(1888,97.2967032967033,176.82967032967034)(1889,90.91445427728614,174.68208092485548)]
ASN00072151,	[(1880,90.6412213740458,241.63846153846154),(1881,89.10526315789474,225.0),(1882,63.44656488549618,228.23282442748092),(1883,49.28957528957529,227.58687258687257),(1884,74.73817034700315,241.02523659305993),(1885,80.72757475083057,240.53177257525084),(1886,83.14285714285714,218.99293286219083),(1887,69.52631578947368,232.8345864661654),(1888,48.475095785440615,255.81992337164752)(1889,93.14606741573034,249.98876404494382)]
CA003034480,	[(1883,63.56666666666667,97.16666666666667),(1884,-19.391534391534393,92.45081967213115),(1885,-17.134246575342466,129.39178082191782),(1886,-18.898630136986302,123.8986301369863),(1887,-39.20821917808219,96.55616438356165),(1888,-23.120218579234972,105.97814207650273)(1889,-8.558904109589042,134.22739726027396)]
CA004019070,	[(1884,-90.084388185654,33.244725738396625)]
CA005030556,	[(1889,37.0,82.46892655367232)]
CA006075400,	[(1880,-72.24793388429752,34.92286501377411),(1881,-67.23615160349854,41.08163265306123),(1882,-189.00757575757575,-64.71212121212122)(1889,-127.34177215189874,-27.696202531645568)]
CA006105976,	[(1889,-59.52459016393443,13.950819672131148)]
CA006111793,	[(1881,103.9090909090909,205.11363636363637)]
CA006127887,	[(1880,18.505494505494507,113.56593406593407),(1881,14.786301369863013,114.87123287671233),(1882,16.34794520547945,114.30958904109589),(1883,-5.586301369863014,96.04657534246576),(1884,3.379781420765027,106.20765027322405),(1885,-10.027397260273972,91.7068493150685),(1886,9.504109589041096,103.09041095890412),(1887,5.071232876712329,105.65205479452055),(1888,0.6885245901639344,95.17486338797814)(1889,21.457534246575342,113.58904109589041)]
CA006136694,	[(1880,34.068306010928964,140.15300546448088),(1881,32.95068493150685,141.92876712328768),(1882,33.57534246575342,127.38630136986302),(1883,9.926027397260274,126.07558139534883),(1884,19.97814207650273,126.33333333333333),(1885,6.260273972602739,112.89315068493151),(1886,21.583561643835615,125.08493150684932),(1887,23.69041095890411,124.87671232876713),(1888,16.398907103825138,110.1775956284153)(1889,33.07945205479452,125.5013698630137)]
CA006141095,	[(1880,-1.6133333333333333,124.01944444444445),(1881,18.728021978021978,129.1046831955923),(1882,17.38150289017341,119.92173913043479),(1883,-5.837988826815643,103.12813370473538),(1884,1.129120879120879,118.90934065934066),(1885,13.86,131.32),(1886,6.345505617977528,120.35028248587571),(1887,6.583333333333333,126.91944444444445),(1888,0.7837078651685393,113.7247191011236)(1889,16.911428571428573,120.76790830945559)]
CA007050790,	[(1881,-8.498245614035088,50.14385964912281),(1882,-7.167123287671233,62.221917808219175),(1883,-8.832876712328767,65.28219178082192),(1884,-11.901639344262295,58.349726775956285),(1885,-4.117808219178082,66.15068493150685),(1886,5.101369863013699,73.67945205479452),(1887,-4.249315068493151,65.6109589041096),(1888,-3.180327868852459,65.16120218579235)(1889,7.271232876712329,76.8)]
CA008100990,	[(1880,-20.51912568306011,101.30874316939891),(1881,-11.057534246575342,100.58904109589041),(1882,-20.30958904109589,94.05205479452054),(1883,-30.745205479452054,91.64657534246575),(1884,-22.873972602739727,88.76986301369863),(1885,-22.208219178082192,96.62191780821918),(1886,-11.627397260273973,99.92602739726027),(1887,-22.106849315068494,98.11780821917809),(1888,-19.325136612021858,90.19125683060109)(1889,6.934246575342466,115.27671232876712)]
DA000030380,	[(1880,34.21584699453552,113.31147540983606),(1881,24.84931506849315,99.56438356164384),(1882,47.62191780821918,124.11506849315069),(1883,40.28219178082192,113.6),(1884,45.35245901639344,121.1584699453552),(1885,30.153424657534245,112.40547945205479),(1886,32.4,114.79178082191781),(1887,32.26849315068493,110.02465753424657),(1888,29.05191256830601,98.2103825136612)(1889,39.726027397260275,112.02191780821917)]
EI000003969,	[(1881,44.26301369863014,123.84109589041095),(1882,50.95616438356164,129.35342465753425),(1883,45.221917808219175,126.17534246575343),(1884,53.72950819672131,130.72677595628414),(1885,43.62465753424657,121.35890410958905),(1886,47.868493150684934,121.14520547945206),(1887,44.06849315068493,127.53424657534246),(1888,46.81693989071038,120.55191256830601)(1889,51.44931506849315,127.73424657534247)]
KZ000038198,	[(1882,99.70270270270271,null)(1883,69.47887323943662,null)]
RSM00026063,	[(1881,-8.347945205479451,67.18956043956044),(1882,13.013698630136986,null),(1883,4.638356164383562,69.97520661157024),(1884,-2.0054644808743167,70.81967213114754),(1885,3.484931506849315,78.12328767123287),(1886,11.35890410958904,81.6986301369863),(1887,15.736986301369862,80.8054794520548),(1888,-16.688524590163933,56.87978142076503)(1889,8.145205479452056,78.76986301369863)]
RSM00030710,	[(1887,-78.5068493150685,65.66027397260274),(1888,-86.73770491803279,55.71584699453552)(1889,-91.28493150684932,47.18904109589041)]
RSM00032071,	[(1886,-64.2051282051282,null),(1887,-69.23988439306359,null),(1888,-63.986149584487535,null)(1889,-81.04347826086956,null)]
UK000056225,	[(1880,59.967213114754095,134.1120218579235),(1881,55.22802197802198,132.85479452054796),(1882,64.47397260273972,138.3041095890411),(1883,62.02465753424657,136.5013698630137),(1884,64.82513661202186,144.28688524590163),(1885,54.172602739726024,129.56712328767122),(1886,55.8027397260274,129.5945205479452),(1887,46.00547945205479,129.06849315068493),(1888,52.0,122.8688524590164)(1889,54.93972602739726,128.45205479452054)]
UPM00033889,	[(1887,58.777472527472526,186.91538461538462),(1888,46.723287671232875,192.6)(1889,40.193251533742334,143.70625)]
USC00065445,	[(1884,-44.40816326530612,36.208333333333336),(1885,2.643835616438356,113.20547945205479),(1886,16.52054794520548,122.73972602739725)(1887,-105.45762711864407,-10.322033898305085)]
USC00092475,	[(1886,-22.0,289.0)]
USC00193625,	[(1885,-3.5543478260869565,null),(1886,26.23076923076923,null),(1887,27.635616438356163,null),(1888,20.24858757062147,383.0)(1889,41.889830508474574,null)]
USC00194012,	[(1885,6.6878453038674035,154.675)(1888,27.401960784313726,168.0033222591362)]
USC00194360,	[(1885,15.119565217391305,90.22826086956522),(1886,46.15890410958904,126.5095890410959),(1887,43.74175824175824,123.66849315068494),(1888,36.48087431693989,115.17486338797814)(1889,58.635820895522386,131.5313432835821)]
USC00197122,	[(1889,180.55737704918033,244.49180327868854)]
USC00200718,	[(1888,-33.0,72.0)]
USC00241418,	[(1882,-78.0,-11.0)]
USC00268349,	[(1888,-20.283185840707965,127.92035398230088)(1889,-2.9541547277936964,151.49137931034483)]
USC00269430,	[(1889,120.91358024691358,246.52469135802468)]
USC00271678,	[(1884,-46.57377049180328,52.36065573770492),(1885,15.276712328767124,124.92876712328767),(1886,24.942465753424656,132.8027397260274),(1887,25.80821917808219,128.4027397260274),(1888,17.469945355191257,119.47814207650273)(1889,35.23835616438356,139.3901098901099)]
USC00275712,	[(1885,-10.945652173913043,89.8913043478261),(1886,21.852054794520548,144.34520547945206),(1887,19.70958904109589,137.63835616438357),(1888,17.16716417910448,135.17611940298508)(1889,35.8054794520548,148.64931506849314)]
USC00278440,	[(1886,30.936893203883496,178.1504854368932),(1887,-8.063186813186814,133.7041095890411),(1888,-10.844262295081966,121.74590163934427)(1889,0.0,322.0)]
USC00324418,	[(1881,167.0,283.0)]
USC00363711,	[(1888,89.90760869565217,172.52173913043478)(1889,69.56438356164384,153.26575342465753)]
USC00463100,	[(1882,-14.107142857142858,97.78571428571429)]
USC00469368,	[(1881,null,-180.5)]
USC00475484,	[(1880,40.92622950819672,128.12295081967213),(1881,42.104109589041094,121.76986301369863),(1882,48.4027397260274,124.89315068493151),(1883,22.345205479452055,106.33698630136986),(1884,26.0327868852459,110.49726775956285),(1885,12.961643835616439,99.65753424657534),(1886,25.397260273972602,115.37808219178082),(1887,28.301369863013697,117.12602739726027),(1888,22.10655737704918,105.00546448087432)(1889,39.010958904109586,118.32328767123288)]
USW00013724,	[(1880,77.79508196721312,157.9672131147541),(1881,79.68767123287671,150.9095890410959),(1882,76.27671232876712,149.94520547945206),(1883,68.96438356164384,143.73698630136985),(1884,76.5327868852459,152.38251366120218),(1885,65.78630136986301,145.06575342465754),(1886,69.33972602739726,148.01643835616437),(1887,75.58356164383562,150.2986301369863),(1888,65.17213114754098,143.77868852459017)(1889,80.64657534246575,146.2219178082192)]
USW00013736,	[(1880,77.72131147540983,171.68852459016392),(1881,79.78356164383561,174.2219178082192),(1882,75.69589041095891,166.1041095890411)(1883,-21.18888888888889,77.52222222222223)]
USW00014936,	[(1881,45.29347826086956,161.40217391304347),(1882,5.947945205479452,133.3178082191781),(1883,-10.898630136986302,114.93698630136986),(1884,-10.092896174863387,119.85792349726776),(1885,-1.6465753424657534,122.10684931506849),(1886,-6.978082191780822,130.44931506849315),(1887,-13.158904109589042,121.62465753424658),(1888,-14.172131147540984,120.0464480874317)(1889,0.3972602739726027,138.47397260273974)]
USW00024274,	[(1880,61.568306010928964,148.97540983606558),(1881,74.21917808219177,158.7780821917808),(1882,69.46301369863014,162.013698630137),(1883,69.30684931506849,165.14794520547946),(1884,64.58743169398907,164.23224043715848),(1885,73.43013698630136,189.44657534246576),(1886,70.46027397260274,171.4931506849315),(1887,65.4986301369863,162.06849315068493),(1888,69.7568306010929,173.1120218579235)(1889,71.93424657534247,181.4931506849315)]
