AGE00135039,	[(1884,126.60606060606061,215.27272727272728),(1885,140.95068493150686,239.1023102310231),(1886,143.33241758241758,227.46107784431138),(1887,142.0775623268698,221.58904109589042),(1888,136.02203856749313,220.0986301369863)(1889,125.58739255014326,212.13698630136986)]
AGE00147708,	[(1886,128.05498281786942,255.4794520547945),(1887,113.0625,235.2840909090909),(1888,112.202216066482,235.26315789473685)(1889,100.53658536585365,227.95294117647057)]
ASN00056017,	[(1880,75.8932584269663,225.62640449438203),(1881,67.28289473684211,220.68975903614458),(1882,60.14159292035398,221.11209439528022),(1883,52.16022099447514,232.4931129476584),(1884,72.86944444444444,241.19166666666666),(1885,116.52452830188679,243.46212121212122),(1886,100.75637393767705,230.6590909090909),(1887,99.03835616438356,208.9890410958904),(1888,89.43989071038251,220.39890710382514)(1889,113.90082644628099,215.05769230769232)]
ASN00090015,	[(1880,104.39617486338798,193.89890710382514),(1881,102.0,190.62465753424658),(1882,100.55068493150685,192.75068493150684),(1883,104.08219178082192,200.096875),(1884,96.78595317725753,188.40389972144845),(1885,91.0813953488372,181.62258953168043),(1886,103.85595567867036,186.70083102493075),(1887,106.01652892561984,182.4251700680272),(1888,103.97540983606558,181.23626373626374)(1889,108.27945205479452,185.81714285714287)]
CA001167635,	[(1882,-33.05084745762712,64.77966101694915),(1883,27.09880239520958,65.0754716981132),(1884,45.996350364963504,167.6970802919708),(1888,57.858108108108105,166.77027027027026)(1889,42.55807365439094,162.80845070422535)]
CA0050520EE,	[(1889,-184.55737704918033,null)]
CA006100969,	[(1885,28.350993377483444,122.58940397350993)(1886,14.73816155988858,113.6878453038674)]
CA006111375,	[(1887,-51.12759643916914,100.74794520547945),(1888,-44.704918032786885,86.83879781420765)(1889,-20.18384401114206,105.49025069637884)]
CA006131388,	[(1889,43.74390243902439,166.109756097561)]
CA006136335,	[(1889,33.01176470588236,88.4)]
CA006139445,	[(1880,-3.1311475409836067,74.78703703703704),(1881,16.01851851851852,125.16666666666667),(1882,-21.66393442622951,72.9672131147541),(1883,8.118457300275482,115.16804407713498),(1884,14.603351955307263,118.70111731843575),(1885,0.02556818181818182,103.52991452991454)(1886,18.483870967741936,119.60410557184751)]
CA006142284,	[(1882,7.8273972602739725,108.92328767123287),(1883,-9.26801152737752,96.95348837209302),(1885,-4.3076923076923075,96.36438356164383),(1886,5.989041095890411,104.04109589041096),(1887,5.698630136986301,109.34520547945205),(1888,2.2868852459016393,99.90163934426229)(1889,22.243835616438357,115.58630136986301)]
CA006148120,	[(1881,-29.634615384615383,44.32692307692308),(1882,13.097701149425287,118.98275862068965),(1883,-5.392156862745098,110.51117318435755),(1884,-1.6064139941690962,112.74635568513119)(1885,-128.92436974789916,-10.521367521367521)]
CA006153192,	[(1880,32.54644808743169,140.3415300546448),(1881,17.84931506849315,148.86301369863014),(1882,13.64931506849315,140.24383561643836),(1883,0.07945205479452055,125.9013698630137),(1884,10.376373626373626,137.3598901098901),(1885,-5.843406593406593,121.12087912087912),(1886,6.336986301369863,132.7123287671233),(1887,-6.440828402366864,136.5596590909091)(1888,-58.50847457627118,55.78846153846154)]
CA006165716,	[(1880,9.114369501466276,116.02932551319648),(1882,13.695652173913043,168.1604938271605),(1884,9.829090909090908,144.04727272727274),(1885,-12.254098360655737,133.95901639344262),(1886,-13.601719197707736,137.2327868852459),(1887,-34.63013698630137,112.21917808219177),(1888,-35.71947194719472,79.92079207920793)(1889,8.570605187319885,103.82492581602374)]
CA007024280,	[(1888,-89.9,-3.607843137254902)(1889,-10.550595238095237,99.92307692307692)]
CA008105600,	[(1886,-101.64150943396227,-0.4716981132075472),(1887,-26.967845659163988,94.81957186544342),(1888,-14.170212765957446,87.21325648414985)(1889,2.9367469879518073,112.89714285714285)]
CA008200150,	[(1880,-57.935483870967744,null),(1881,-39.26775956284153,17.785714285714285),(1882,-14.825,114.31899641577061),(1883,-25.854166666666668,119.88333333333334),(1885,24.322580645161292,139.6451612903226),(1886,-45.5472972972973,80.61486486486487),(1887,69.51724137931035,197.17241379310346)(1888,-82.93939393939394,6.967741935483871)]
CA008206490,	[(1880,21.87123287671233,111.58904109589041),(1881,27.804532577903682,104.75428571428571),(1882,22.569014084507042,91.75071633237822),(1883,16.506849315068493,93.3972602739726),(1884,26.10928961748634,98.3415300546448),(1885,25.517808219178082,107.0864553314121),(1886,18.29106628242075,111.35795454545455),(1887,19.087671232876712,106.47945205479452),(1888,22.661202185792348,91.90163934426229)(1889,42.11506849315069,117.1972602739726)]
CE000434730,	[(1880,97.69850746268656,187.34328358208955),(1881,99.93956043956044,201.64835164835165),(1882,101.16438356164383,190.82465753424657),(1883,99.73424657534247,193.04109589041096),(1884,94.50546448087432,194.4945355191257),(1885,98.83791208791209,198.40384615384616),(1886,101.28767123287672,196.94505494505495),(1887,95.95616438356164,193.94246575342467),(1888,98.73770491803279,205.29508196721312)(1889,103.19834710743801,209.74794520547945)]
DA000025140,	[(1880,55.58126721763085,113.04383561643836),(1881,36.895890410958906,91.91780821917808),(1882,59.20879120879121,109.73150684931507),(1883,52.04931506849315,105.84109589041095),(1884,56.494535519125684,113.79234972677595),(1885,46.07397260273972,100.40821917808219),(1886,46.032876712328765,100.41917808219178),(1887,42.602739726027394,99.67397260273972),(1888,41.0,91.39071038251366)(1889,52.47945205479452,107.84657534246575)]
GM000004199,	[(1880,40.26229508196721,124.02732240437159),(1881,34.276712328767125,119.81643835616438),(1882,38.50410958904109,126.53972602739726),(1883,36.52328767123288,119.56712328767124),(1884,42.54644808743169,128.96448087431693),(1885,36.31780821917808,125.8054794520548),(1886,41.224657534246575,126.61369863013698),(1887,28.063013698630137,112.16712328767123),(1888,33.06284153005465,113.28688524590164)(1889,35.78630136986301,112.7972602739726)]
RSM00034110,	[(1889,0.17796610169491525,83.17796610169492)]
RSM00037472,	[(1882,83.22802197802197,null),(1883,83.6,null),(1884,79.05464480874316,null),(1885,53.983108108108105,null),(1886,84.03013698630137,null),(1887,92.5095890410959,null),(1888,85.39890710382514,null)(1889,82.81818181818181,null)]
USC00012386,	[(1889,95.36363636363636,null)]
USC00015555,	[(1880,144.35792349726776,242.68579234972677),(1881,142.63835616438357,246.2821917808219),(1882,141.63013698630138,243.413698630137),(1883,143.5068493150685,250.7917808219178),(1884,133.6120218579235,242.1120218579235),(1885,121.38356164383562,228.1205479452055),(1886,127.41643835616438,231.15342465753426),(1887,135.55616438356165,242.6958904109589),(1888,134.47267759562843,239.44535519125682)(1889,128.83013698630137,242.05479452054794)]
USC00035186,	[(1884,121.38271604938272,291.18407960199005),(1885,167.5,297.67597765363126),(1886,180.4240506329114,301.6158536585366),(1887,163.37878787878788,300.29891304347825),(1888,164.17877094972067,300.5195530726257)(1889,131.08878504672896,260.1121495327103)]
USC00193110,	[(1885,51.282722513089006,172.61780104712042),(1886,20.140056022408963,136.18384401114207),(1887,7.976109215017065,117.36054421768708),(1888,-12.824074074074074,108.50308641975309)(1889,30.27094972067039,140.18055555555554)]
USC00194405,	[(1885,114.17391304347827,183.22826086956522),(1886,120.17934782608695,194.80978260869566)(1887,123.88586956521739,191.52717391304347)]
USC00253035,	[(1888,-51.653333333333336,102.15131578947368)(1889,-21.957264957264957,133.0672268907563)]
USC00260770,	[(1889,64.21632653061225,178.37551020408162)]
USC00275880,	[(1889,65.59469696969697,176.07142857142858)]
USC00277060,	[(1886,29.153191489361703,166.86666666666667)(1887,3.2344322344322345,125.28937728937728)]
USC00331662,	[(1880,57.42622950819672,143.30327868852459),(1881,58.276712328767125,139.27123287671233),(1882,56.27945205479452,138.2),(1883,41.865753424657534,132.32876712328766),(1884,48.15300546448088,137.58743169398906),(1885,36.364383561643834,124.7068493150685),(1886,44.6,136.7068493150685),(1887,49.23013698630137,141.4794520547945),(1888,47.060109289617486,132.73224043715848)(1889,59.8054794520548,140.64657534246575)]
