AGE00147711,	[(1886,110.66887417218543,227.06270627062707),(1887,93.9275766016713,215.0),(1888,92.55681818181819,203.810888252149)(1889,88.80877742946709,197.95731707317074)]
ASN00076077,	[(1889,96.86138613861387,225.26237623762376)]
CA001101530,	[(1881,57.59327217125382,149.33639143730886)]
CA004013030,	[(1889,-7.787234042553192,134.41228070175438)]
CA004013400,	[(1880,-278.11842105263156,-142.58441558441558)]
CA005063350,	[(1880,-133.3306010928962,-43.904371584699454),(1881,-118.65205479452055,-18.378082191780823),(1882,-106.68219178082192,-4.16986301369863),(1883,-220.9880239520958,-130.67664670658684),(1885,-177.6086956521739,-117.81521739130434),(1886,-125.3013698630137,-39.515068493150686),(1887,-150.42739726027398,-60.704109589041096),(1888,-133.92896174863387,-53.404371584699454)(1889,-115.25943396226415,-22.30188679245283)]
CA006085023,	[(1882,88.64,217.12),(1883,-95.42068965517241,47.234482758620686),(1886,17.48971193415638,141.3827160493827),(1887,-47.83934426229508,113.93548387096774),(1888,-35.21132075471698,108.45136186770428)(1889,-38.403225806451616,119.78453038674033)]
CA006085682,	[(1887,-139.25806451612902,-36.774193548387096),(1888,-60.8671096345515,91.4717607973422)(1889,-26.9811320754717,109.08962264150944)]
CA006106362,	[(1880,-8.404371584699453,114.76229508196721),(1881,1.4945054945054945,122.85989010989012),(1882,-5.529085872576177,110.35180055401662),(1883,-23.26795580110497,99.43093922651934),(1884,-17.724719101123597,106.73033707865169),(1885,-18.18732782369146,103.0633608815427),(1886,-6.237430167597766,108.9047619047619),(1887,-14.443835616438356,109.0415512465374)(1888,-92.5031055900621,25.012422360248447)]
CA006116128,	[(1880,15.78688524590164,117.68032786885246),(1881,20.136986301369863,128.03013698630136),(1882,9.167123287671233,110.48219178082192),(1883,-14.199445983379501,92.14681440443213),(1884,-6.502732240437158,101.21095890410959),(1885,-24.057692307692307,84.68406593406593),(1886,4.851485148514851,102.3036303630363),(1887,-10.437673130193906,113.36754966887418),(1888,10.626865671641792,109.83283582089553)(1889,12.386301369863014,111.76438356164384)]
CA006155876,	[(1882,18.941176470588236,106.59663865546219),(1883,4.183561643835616,99.62912087912088),(1884,8.132231404958677,118.10989010989012),(1885,-1.3424657534246576,107.40934065934066),(1886,10.265193370165745,113.17403314917127),(1887,9.30110497237569,117.49447513812154),(1888,-30.008196721311474,70.04098360655738)(1889,20.575342465753426,121.56712328767124)]
CA006158065,	[(1889,36.26865671641791,127.53618421052632)]
CA008205698,	[(1880,-2.4562841530054644,99.13387978142076),(1881,7.673972602739726,96.84109589041095),(1882,3.43013698630137,93.44657534246575),(1883,-3.2986301369863016,96.9068493150685),(1884,1.5765027322404372,96.35245901639344),(1885,3.3232876712328765,102.23561643835616),(1886,17.345205479452055,110.81369863013698),(1887,8.23013698630137,103.04931506849314),(1888,6.7349726775956285,97.47814207650273)(1889,24.824657534246576,122.62191780821918)]
CA008401600,	[(1880,30.027322404371585,63.46994535519126)]
GM000002698,	[(1880,57.15573770491803,142.3087431693989),(1881,53.40821917808219,137.7041095890411),(1882,58.087671232876716,137.28493150684932),(1883,58.701369863013696,136.61917808219178),(1884,62.89890710382514,146.99180327868854),(1885,51.3041095890411,138.43561643835616),(1886,56.032876712328765,144.46301369863014),(1887,38.69315068493151,128.96986301369864),(1888,46.0792349726776,126.95081967213115)(1889,54.81369863013698,128.91780821917808)]
GM000010962,	[(1880,31.34426229508197,99.86612021857924),(1881,22.504109589041096,95.08219178082192),(1882,28.90958904109589,102.40821917808219),(1883,18.024657534246575,94.71780821917808),(1884,28.382513661202186,103.2896174863388),(1885,25.063013698630137,103.96438356164384),(1886,29.2,100.53972602739726),(1887,18.515068493150686,87.04657534246576),(1888,23.85792349726776,90.70491803278688)(1889,21.71780821917808,89.33150684931506)]
RSM00028440,	[(1881,-25.5748502994012,null),(1882,-43.97095435684647,null),(1885,-139.86885245901638,-62.08196721311475),(1886,-33.66849315068493,52.320547945205476),(1888,-43.18852459016394,89.72540983606558)(1889,-108.23868312757202,58.41917808219178)]
TSE00147775,	[(1886,168.51282051282053,254.18367346938774),(1887,155.98554913294797,229.3984962406015),(1888,157.72727272727272,219.51704545454547)(1889,145.6024096385542,236.15615615615616)]
USC00034251,	[(1880,124.70604395604396,217.84615384615384),(1881,129.92307692307693,224.0054945054945),(1882,129.87671232876713,219.36438356164385),(1883,121.39118457300276,222.8870523415978),(1884,116.27671232876712,218.35068493150686),(1885,114.9478021978022,219.4120879120879),(1886,104.47397260273972,204.95342465753424),(1887,113.04931506849314,225.16712328767125),(1888,110.41436464088397,212.5785123966942)(1889,117.19832402234637,218.9607843137255)]
USC00034562,	[(1883,162.864406779661,302.7345971563981),(1884,163.15238095238095,304.0373831775701),(1885,154.0193548387097,311.5388888888889),(1886,177.35658914728683,321.07042253521126),(1887,154.10185185185185,320.96666666666664),(1888,199.92929292929293,310.11242603550295)(1889,158.89221556886227,286.47513812154693)]
USC00175070,	[(1885,118.38709677419355,239.21875),(1886,-109.10526315789474,205.42857142857142),(1887,-3.625,242.1),(1888,-21.7,226.33333333333334)(1889,-33.22222222222222,235.21428571428572)]
USC00176902,	[(1880,48.833333333333336,135.327868852459),(1881,51.01917808219178,131.18082191780823),(1882,47.221917808219175,131.46301369863014),(1883,33.989041095890414,125.42191780821918),(1884,44.61748633879781,130.39890710382514),(1885,30.627397260273973,121.64931506849315),(1886,26.616438356164384,111.9041095890411),(1887,26.54794520547945,110.62739726027397),(1888,19.030054644808743,101.08743169398907)(1889,42.66849315068493,119.59178082191781)]
USC00177827,	[(1887,10.390728476821192,108.95394736842105)(1888,-180.4,-53.6)]
USC00194875,	[(1885,7.558904109589041,136.33698630136988),(1886,13.24931506849315,142.2821917808219),(1887,15.819178082191781,142.35616438356163),(1888,7.254098360655738,131.3169398907104)(1889,40.49258160237389,160.4807121661721)]
USC00196988,	[(1884,-52.205882352941174,1.3055555555555556),(1885,19.796143250688704,102.3489010989011),(1886,31.02747252747253,111.13150684931507),(1887,24.9010989010989,107.08493150684932),(1888,15.382513661202186,92.3743169398907)(1889,-20.41304347826087,50.108695652173914)]
USC00200146,	[(1887,48.49065420560748,176.39252336448598),(1888,-0.07923497267759563,124.5)(1889,-13.750915750915752,118.63157894736842)]
USC00215638,	[(1886,-9.591780821917808,103.41208791208791),(1887,-17.575342465753426,95.30684931506849),(1888,-13.502732240437158,86.67397260273972)(1889,3.336986301369863,115.52876712328766)]
USC00252065,	[(1889,181.82051282051282,292.37068965517244)]
USC00260507,	[(1887,-13.340659340659341,91.17582417582418),(1888,33.34530386740332,163.19945355191257)(1889,17.314685314685313,175.13636363636363)]
USC00262383,	[(1889,121.44351464435147,251.35537190082644)]
USC00288878,	[(1880,101.07945205479452,175.02739726027397),(1881,-44.610169491525426,28.64406779661017),(1887,130.93406593406593,196.07142857142858),(1888,90.25956284153006,158.39617486338798)(1889,99.35068493150685,171.54246575342466)]
USC00298072,	[(1880,-3.278688524590164,149.8224043715847),(1881,41.410828025477706,173.97452229299364),(1882,32.950413223140494,163.7123287671233),(1883,3.915151515151515,128.35151515151514),(1884,-59.14705882352941,53.41935483870968),(1885,30.663013698630138,154.85479452054796),(1886,31.643835616438356,153.91232876712328),(1887,35.277472527472526,160.9945205479452),(1888,37.73770491803279,159.2054794520548)(1889,37.463013698630135,159.9972602739726)]
USC00300958,	[(1886,30.184782608695652,119.27173913043478),(1887,74.07756232686981,158.05277777777778),(1888,26.113300492610836,81.34358974358975)(1889,45.99173553719008,116.7457627118644)]
USC00301010,	[(1880,48.650273224043715,121.90983606557377),(1881,45.054794520547944,124.66027397260274),(1882,46.915068493150685,119.23561643835616),(1883,30.5972602739726,114.75342465753425),(1884,37.549180327868854,119.66939890710383),(1885,27.69041095890411,108.16438356164383),(1886,40.44931506849315,120.83561643835617),(1887,42.515068493150686,126.9972602739726),(1888,32.96448087431694,108.93989071038251)(1889,49.484931506849314,119.78356164383561)]
USC00338366,	[(1880,69.26502732240438,153.38524590163934),(1881,70.3013698630137,151.23013698630137),(1882,66.42465753424658,147.6821917808219),(1883,47.66301369863014,137.5945205479452),(1884,55.69125683060109,144.34972677595627),(1885,40.25205479452055,128.57260273972602),(1886,40.88767123287671,138.72328767123287),(1887,46.0027397260274,142.7945205479452),(1888,39.459016393442624,134.34699453551912)(1889,53.441095890410956,145.90684931506848)]
USC00435733,	[(1887,18.284313725490197,131.48692810457516),(1888,-10.702185792349727,95.7103825136612)(1889,9.101369863013698,112.40821917808219)]
USC00474966,	[(1880,42.814207650273225,135.86338797814207),(1881,41.323287671232876,133.4904109589041),(1882,44.43013698630137,132.72328767123287),(1883,16.473972602739725,110.64109589041095),(1884,20.349726775956285,109.3224043715847),(1885,13.775342465753425,101.23013698630137),(1886,25.67945205479452,121.61917808219178),(1887,23.660273972602738,123.26301369863013),(1888,17.505464480874316,108.7103825136612)(1889,36.62739726027397,126.75068493150685)]
USW00024128,	[(1880,2.9201183431952664,172.28994082840237),(1881,17.4,173.41095890410958),(1882,4.421917808219178,159.96438356164384),(1883,-29.64457831325301,123.53012048192771),(1884,-51.483870967741936,66.3225806451613),(1885,33.364383561643834,180.7917808219178),(1886,17.13150684931507,177.4191780821918),(1887,7.306849315068493,178.73150684931508),(1888,19.90983606557377,178.39617486338798)(1889,20.66849315068493,179.0904109589041)]
