AGE00147716,	[(1880,null,240.5191256830601),(1881,110.37086092715232,228.62406015037595),(1882,102.51506849315068,226.85474860335196),(1883,91.61356932153393,231.7159090909091),(1884,128.09562841530055,219.10655737704917),(1885,135.4640522875817,232.78758169934642),(1886,132.72980501392757,223.22033898305085),(1887,130.95211267605634,220.19774011299435),(1888,131.26404494382024,217.1629213483146)(1889,124.070796460177,214.40828402366864)]
AM000037789,	[(1886,45.172602739726024,null),(1887,49.21643835616438,null),(1888,-15.262295081967213,null)(1889,62.76438356164383,null)]
ASN00023000,	[(1887,114.34883720930233,208.61739130434782),(1888,121.3224043715847,227.65027322404373)(1889,120.32054794520548,217.01643835616437)]
ASN00026026,	[(1884,94.87931034482759,187.10526315789474),(1885,93.16712328767123,182.44729344729345),(1886,91.87945205479453,187.35616438356163),(1887,94.06301369863014,187.1917808219178),(1888,91.42622950819673,189.2431693989071)(1889,94.78904109589041,191.25753424657535)]
ASN00040214,	[(1887,149.9368131868132,245.013698630137),(1888,148.58743169398906,256.77868852459017)(1889,160.23013698630137,255.94794520547944)]
ASN00044022,	[(1889,116.39183673469388,257.2887029288703)]
CA001090660,	[(1888,-22.35223880597015,110.15625)(1889,-21.29639889196676,80.1606648199446)]
CA005012279,	[(1886,-31.484662576687118,115.3689024390244),(1887,-128.82165605095543,67.60915492957747),(1888,-48.95505617977528,64.88764044943821)(1889,-11.343971631205674,124.69675090252707)]
CA006055095,	[(1882,-35.78260869565217,50.09782608695652)]
CA006110549,	[(1880,8.178571428571429,116.79945054945055),(1881,8.81043956043956,124.85989010989012),(1882,10.038461538461538,118.4065934065934),(1883,-8.857534246575343,98.75342465753425),(1884,2.5835616438356164,109.11232876712329),(1885,-10.376373626373626,93.72802197802197),(1886,-0.3259668508287293,113.8393351800554)(1887,2.087912087912088,114.87637362637362)]
CA006113660,	[(1880,-42.06716417910448,86.32835820895522),(1881,-36.8159509202454,115.2469512195122),(1882,-32.384892086330936,122.36071428571428),(1883,-29.22222222222222,97.04746835443038),(1884,-8.47985347985348,108.82051282051282)(1885,-90.37810945273633,29.218905472636816)]
CA006129850,	[(1881,73.1534090909091,184.27272727272728),(1882,23.887671232876713,127.79178082191781),(1883,-3.0875706214689265,111.87671232876713),(1884,12.1448087431694,120.78688524590164),(1885,-0.5287671232876713,106.45753424657535),(1886,14.013698630136986,119.7041095890411),(1887,15.542465753424658,124.64109589041095),(1888,7.644808743169399,112.41256830601093)(1889,26.336986301369862,127.61643835616438)]
CA006142252,	[(1889,24.79874213836478,117.99371069182389)]
CA006148100,	[(1880,15.829608938547485,119.49162011173185),(1881,13.808219178082192,129.16438356164383),(1882,5.047197640117994,108.42182890855457),(1883,-5.742465753424658,104.17260273972603),(1884,3.9972602739726026,114.6027397260274),(1885,-7.5917808219178085,98.1945205479452),(1886,8.073972602739726,111.4904109589041),(1887,3.451523545706371,115.42382271468144)(1888,-1.5867768595041323,105.58126721763085)]
CA008101920,	[(1883,42.33898305084746,132.70056497175142),(1884,13.775956284153006,99.34426229508196),(1885,9.772602739726027,97.06301369863014),(1886,17.112328767123287,105.36164383561643),(1887,8.64931506849315,102.35890410958905),(1888,4.7650273224043715,92.43442622950819)(1889,24.747945205479454,111.55068493150685)]
CA008103100,	[(1881,50.29447852760736,112.37423312883436)(1882,-90.08403361344538,-22.361344537815125)]
CA008200300,	[(1880,-15.714776632302405,96.01027397260275),(1881,-3.6955128205128207,103.0576923076923),(1882,22.965986394557824,103.61754385964912),(1883,-26.395061728395063,83.82644628099173),(1884,-2.5532646048109964,106.42268041237114)(1885,-111.72093023255815,3.011627906976744)]
CA008204480,	[(1885,4.576086956521739,141.56521739130434),(1886,0.8792270531400966,91.77830188679245),(1887,-45.71910112359551,11.247191011235955)(1888,-33.32258064516129,25.225806451612904)]
CA008403635,	[(1889,55.34975369458128,126.0935960591133)]
CA008500500,	[(1884,-9.974452554744525,34.306569343065696),(1885,-23.159779614325068,16.713498622589533),(1886,-26.054131054131055,17.59259259259259),(1887,-38.31232876712329,5.958904109589041),(1888,-37.79234972677595,20.40983606557377)(1889,-24.21511627906977,26.441860465116278)]
DA000021100,	[(1880,49.885245901639344,106.38524590163935),(1881,33.31506849315068,84.86301369863014),(1882,57.33150684931507,106.41643835616438),(1883,49.775342465753425,100.41643835616438),(1884,57.87431693989071,107.76775956284153),(1885,45.104109589041094,93.9945205479452),(1886,42.875,97.41369863013699),(1887,44.97808219178082,97.13424657534246),(1888,38.98082191780822,87.04918032786885)(1889,55.26575342465753,104.16164383561645)]
GM000004063,	[(1880,42.65846994535519,127.47267759562841),(1881,37.88493150684931,118.67671232876712),(1882,44.10526315789474,131.51246537396122),(1883,43.945205479452056,130.586301369863),(1884,46.41803278688525,136.42896174863387),(1885,40.59452054794521,135.4794520547945),(1886,46.71506849315068,139.73150684931508),(1887,29.6,123.26027397260275),(1888,34.45628415300546,122.5464480874317)(1889,39.16986301369863,125.58082191780822)]
RSM00029263,	[(1884,-60.82779456193354,null),(1885,-75.18904109589042,null),(1886,-66.7013698630137,null),(1887,-73.16438356164383,163.77011494252875),(1888,-77.4375,null)(1889,-78.34246575342466,null)]
SZ000006717,	[(1880,-23.901639344262296,24.685792349726775),(1881,-31.063013698630137,18.4986301369863),(1882,-30.339726027397262,19.865753424657534),(1883,-42.95890410958904,7.794520547945205),(1884,-41.24863387978142,12.879781420765028),(1885,-43.8054794520548,14.967123287671233),(1886,-49.945205479452056,20.0986301369863),(1887,-58.01917808219178,15.706849315068494),(1888,-52.240437158469945,17.23224043715847)(1889,-54.16438356164384,10.586301369863014)]
TSE00147769,	[(1886,140.3840579710145,233.2626728110599),(1887,116.95774647887323,231.7134831460674),(1888,117.39520958083833,231.70278637770897)(1889,116.2262996941896,229.27051671732522)]
UPM00033345,	[(1881,14.75328947368421,83.98684210526316),(1882,36.06575342465754,115.91232876712328),(1883,20.20059880239521,93.16167664670658),(1884,39.88486842105263,107.02302631578948),(1885,34.56986301369863,116.33424657534246),(1886,25.876712328767123,110.15342465753425),(1887,33.416438356164385,114.24109589041096),(1888,15.068306010928962,104.3688524590164)(1889,32.038356164383565,112.4931506849315)]
USC00061536,	[(1885,17.305295950155763,152.94637223974763),(1886,13.962616822429906,139.784375)(1887,-78.73728813559322,45.33898305084746)]
USC00190595,	[(1885,79.84210526315789,165.40758293838863),(1886,-1.539906103286385,81.67136150234742),(1887,-99.72413793103448,-14.11864406779661),(1888,8.350819672131147,94.11475409836065)(1889,14.821138211382113,83.89430894308943)]
USC00194295,	[(1885,41.29752066115702,132.6749311294766),(1886,45.97808219178082,128.73698630136985),(1887,51.413698630136984,132.56986301369864),(1888,42.013661202185794,123.80054644808743)(1889,67.16712328767123,135.77260273972604)]
USC00200032,	[(1887,-42.794520547945204,78.27027027027027),(1888,9.364383561643836,140.1639344262295)(1889,6.372093023255814,118.8543046357616)]
USC00263515,	[(1887,-33.07692307692308,60.175),(1888,-2.4257425742574257,127.79)(1889,105.20276497695852,261.6857142857143)]
USW00023271,	[(1880,86.46027397260274,203.78630136986303),(1881,99.56164383561644,214.45479452054795),(1882,93.37362637362638,212.28021978021977),(1883,93.07945205479452,219.46849315068494),(1884,98.73497267759562,211.71038251366122),(1885,110.64931506849315,229.6767123287671),(1886,94.27222222222223,217.825),(1887,87.87123287671233,228.08767123287672),(1888,97.72328767123288,230.53698630136986)(1889,96.44109589041096,225.21369863013697)]
