AGE00147715,	[(1886,99.94444444444444,227.25),(1887,113.0,266.73366834170855),(1888,93.30113636363636,238.87921348314606)(1889,88.6687306501548,237.90273556231003)]
ASN00038003,	[(1888,158.525,328.0734463276836)(1889,176.67123287671234,329.94246575342464)]
BE000006447,	[(1880,57.16120218579235,136.70218579234972),(1881,49.276712328767125,126.63287671232877),(1882,58.172602739726024,131.03287671232877),(1883,55.04383561643836,131.2986301369863),(1884,59.01639344262295,138.84699453551912),(1885,47.21369863013699,126.41917808219178),(1886,53.202739726027396,132.16986301369863),(1887,41.43561643835616,120.6986301369863),(1888,44.385245901639344,117.39344262295081)(1889,52.07397260273972,124.13698630136986)]
CA001104468,	[(1880,32.540192926045016,117.016077170418),(1881,46.33482142857143,142.12389380530973)(1882,-7.285714285714286,64.16666666666667)]
CA004056230,	[(1884,-163.15841584158414,-14.237623762376238),(1885,-108.13168724279835,43.5679012345679),(1886,-112.33147632311977,63.77437325905292),(1887,-88.30258302583026,65.12177121771218),(1888,-119.921875,113.52631578947368)(1889,-69.85474860335195,86.45251396648045)]
CA005022790,	[(1880,-59.581717451523545,63.96338028169014),(1881,-39.51304347826087,105.46666666666667),(1882,null,77.98520710059172),(1883,-68.53221288515407,46.39171974522293),(1884,-62.24657534246575,59.87123287671233),(1885,-71.55524861878453,67.57617728531856),(1886,-60.035714285714285,75.50824175824175),(1887,-70.20821917808219,65.24657534246575),(1888,-61.40163934426229,69.58196721311475)(1889,-44.443835616438356,100.18630136986302)]
CA006046588,	[(1880,-53.23224043715847,65.81420765027322),(1881,-37.47945205479452,77.72876712328767),(1882,-33.67123287671233,78.12602739726027),(1883,-68.17534246575343,61.583561643835615),(1884,-54.775956284153004,64.82786885245902),(1885,-54.772602739726025,57.772602739726025),(1886,-44.72054794520548,68.16986301369863),(1887,-49.76986301369863,63.989041095890414),(1888,-50.31693989071038,59.560109289617486)(1889,-29.126027397260273,85.24931506849315)]
CA006102417,	[(1880,19.841216216216218,144.565371024735),(1881,60.256410256410255,184.33185840707964),(1882,-10.03323262839879,121.87987012987013),(1883,-25.210227272727273,106.58753709198812),(1884,-1.6254295532646048,134.7344827586207)(1885,-36.7108843537415,113.5513698630137)]
CA006104185,	[(1880,24.311475409836067,126.30601092896175),(1881,24.424657534246574,127.7041095890411),(1882,24.512328767123286,121.16986301369863),(1883,4.189041095890411,101.58630136986301),(1884,16.497267759562842,106.96448087431693),(1885,3.6575342465753424,92.91232876712328),(1886,16.621917808219177,106.18082191780822),(1887,18.482191780821918,108.46301369863014),(1888,12.972677595628415,101.71584699453553)(1889,33.35068493150685,113.04657534246576)]
CA006105887,	[(1880,6.108333333333333,120.81111111111112),(1881,-50.064516129032256,55.70322580645161),(1882,-34.59782608695652,40.67391304347826),(1883,-17.36986301369863,89.14246575342466),(1884,-15.857534246575343,104.37808219178082),(1885,-21.912328767123288,85.46301369863014),(1886,-8.906849315068493,92.42465753424658),(1887,-11.535714285714286,100.4532967032967),(1888,-8.375342465753425,95.47945205479452)(1889,6.482191780821918,112.07671232876713)]
CA006140941,	[(1881,74.35249042145594,202.05343511450383),(1882,21.99142857142857,131.8942857142857),(1883,-42.121212121212125,69.74242424242425),(1884,8.786703601108034,127.65927977839335),(1885,-4.590909090909091,111.2215909090909),(1886,27.87037037037037,127.10364145658264),(1887,17.02770083102493,135.6778711484594),(1888,6.59065934065934,122.57575757575758)(1889,-34.20666666666666,74.63333333333334)]
CA006143083,	[(1881,86.99555555555555,183.19574468085105),(1882,28.480555555555554,119.77285318559557),(1883,4.898351648351649,107.31593406593407),(1884,5.286885245901639,120.51912568306011),(1885,-13.572727272727272,99.21212121212122),(1886,4.624657534246575,118.62465753424658),(1887,6.016483516483516,121.9641873278237),(1888,0.48342541436464087,110.89531680440771)(1889,9.389972144846796,126.08100558659218)]
CA006152007,	[(1882,61.33168316831683,169.89162561576356),(1883,-1.4022038567493114,110.36088154269973),(1884,10.487603305785123,119.43526170798899),(1885,-1.4116022099447514,105.52486187845304),(1886,8.238888888888889,118.21111111111111),(1887,12.052631578947368,122.31024930747922),(1888,0.15846994535519127,115.00819672131148)(1889,20.15068493150685,128.2)]
CA007021952,	[(1880,-22.707650273224044,88.28142076502732),(1881,-17.464285714285715,89.09615384615384),(1882,-31.09041095890411,74.55890410958904),(1883,-45.676712328767124,68.86027397260274),(1884,-29.80327868852459,78.33060109289617),(1885,-36.86813186813187,80.36263736263736),(1886,-30.28021978021978,82.70604395604396),(1887,-37.66575342465753,77.38630136986302),(1888,-37.17213114754098,65.98087431693989)(1889,-17.03835616438356,90.83561643835617)]
CA007023240,	[(1880,5.546448087431694,105.39617486338798),(1881,6.938028169014085,99.94647887323944),(1882,6.676880222841226,99.2284122562674),(1883,-11.355371900826446,90.92561983471074),(1884,0.3342618384401114,101.79945054945055),(1885,-10.36986301369863,85.98630136986301),(1886,-2.2054794520547945,97.38630136986302),(1887,-7.0,96.9041095890411),(1888,-6.560109289617486,87.05737704918033)(1889,12.024657534246575,103.5095890410959)]
CA007061440,	[(1880,-151.44827586206895,11.415584415584416),(1881,-78.12307692307692,30.653846153846153),(1882,-40.89310344827586,87.53793103448275),(1883,-41.263345195729535,90.1),(1884,-42.507751937984494,60.34177215189873),(1885,-48.11357340720222,65.6657458563536),(1886,-41.21590909090909,70.07670454545455),(1887,-39.87536231884058,72.59428571428572),(1888,-40.421203438395416,71.98850574712644)(1889,-27.58073654390935,86.80681818181819)]
CA008202198,	[(1880,14.647540983606557,111.0),(1881,20.21095890410959,106.93972602739726),(1882,14.693370165745856,103.53591160220995),(1883,7.86027397260274,103.6986301369863),(1884,15.710382513661202,105.35519125683061),(1885,16.12876712328767,112.56164383561644),(1886,22.92054794520548,116.4904109589041),(1887,14.953424657534246,112.9068493150685),(1888,11.808743169398907,101.51092896174863)(1889,35.37260273972603,125.54520547945205)]
CA008300430,	[(1889,35.3,122.68571428571428)]
GM000004204,	[(1880,33.63661202185792,149.81967213114754),(1881,24.578082191780823,130.9041095890411),(1882,43.25479452054795,141.05479452054794),(1883,36.85205479452055,134.2931506849315),(1884,41.45355191256831,140.35245901639345),(1885,31.421917808219177,132.4986301369863),(1886,33.676712328767124,138.3945205479452),(1887,25.56986301369863,123.42191780821918),(1888,29.453551912568305,127.34699453551913)(1889,34.49315068493151,129.04383561643834)]
GME00121258,	[(1888,-10.229508196721312,49.0655737704918)(1889,42.26849315068493,125.75616438356164)]
ITE00100550,	[(1880,97.45901639344262,177.78415300546447),(1881,110.18356164383562,160.73150684931508),(1882,102.42465753424658,176.48219178082192),(1883,100.73698630136987,163.33424657534246),(1884,102.62021857923497,166.47540983606558),(1885,102.2986301369863,167.05205479452056),(1886,95.1041095890411,173.81917808219177),(1887,97.1013698630137,167.03835616438357),(1888,92.33879781420765,170.06284153005464)(1889,96.7013698630137,167.58904109589042)]
RSM00023711,	[(1888,-66.14851485148515,null)(1889,-36.19867549668874,null)]
RSM00024959,	[(1888,9.462962962962964,127.97619047619048)(1889,-110.3490909090909,null)]
USC00035754,	[(1884,203.66417910447763,299.2631578947368),(1885,206.44871794871796,315.716814159292),(1886,182.11363636363637,309.2134831460674),(1887,181.53521126760563,311.07042253521126),(1888,185.86754966887418,308.921568627451)(1889,156.71354166666666,270.130890052356)]
USC00043157,	[(1880,null,150.98907103825135),(1881,null,179.92602739726027),(1882,23.240816326530613,184.34057971014494),(1883,-10.257534246575343,170.4904109589041),(1884,15.836065573770492,151.80054644808743),(1885,41.77302631578947,180.92763157894737),(1886,28.980821917808218,159.52307692307693),(1887,20.432876712328767,164.04109589041096),(1888,27.811475409836067,172.76775956284152)(1889,28.410958904109588,175.0)]
USC00067361,	[(1884,-41.01639344262295,58.01639344262295),(1885,24.964285714285715,132.81593406593407),(1886,27.63141993957704,131.42296072507554),(1887,34.06868131868132,139.78021978021977),(1888,24.352459016393443,126.12841530054645)(1889,48.870523415977964,145.62809917355372)]
USC00090284,	[(1883,-25.0,null),(1884,-26.95,361.0),(1887,-24.375,null),(1888,-22.142857142857142,null)(1889,-20.130434782608695,null)]
USC00144559,	[(1880,48.94505494505494,91.42857142857143)(1881,88.07843137254902,-352.5211267605634)]
USC00191650,	[(1885,46.49589041095891,129.13424657534247),(1886,49.05234159779614,129.5702479338843),(1887,46.43013698630137,128.91232876712328),(1888,40.64754098360656,121.57103825136612)(1889,61.66301369863014,135.62465753424658)]
USC00194760,	[(1885,42.36986301369863,129.07397260273973),(1886,37.48559670781893,121.65432098765432)(1887,-47.3728813559322,38.260504201680675)]
USC00199731,	[(1885,-32.814126394052046,72.14179104477611),(1886,21.972375690607734,122.22714681440443),(1887,16.177966101694917,119.36723163841808)(1888,-13.395744680851063,114.7827868852459)]
USC00262708,	[(1888,78.98897058823529,218.5970695970696)(1889,8.494011976047904,175.83880597014925)]
USC00318500,	[(1887,21.622222222222224,130.5888888888889)]
USC00319462,	[(1880,127.06284153005464,228.24043715846994),(1881,135.70958904109588,224.36712328767123),(1882,136.21917808219177,221.1917808219178),(1883,133.56986301369864,225.17808219178082),(1884,136.15027322404373,229.79781420765028),(1885,123.69589041095891,220.62739726027397),(1886,115.44109589041096,221.86027397260273),(1887,117.25205479452055,219.88219178082193),(1888,122.5,217.54644808743168)(1889,127.9013698630137,216.013698630137)]
USC00383742,	[(1884,147.17757009345794,286.55607476635515),(1885,154.69021739130434,283.6304347826087),(1886,153.53658536585365,291.8),(1887,155.6611111111111,296.3222222222222),(1888,147.19626168224298,281.06542056074767)(1889,133.11267605633802,262.51173708920186)]
USW00023068,	[(1884,64.97005988023952,180.53592814371257),(1888,59.680851063829785,222.2127659574468)(1889,34.632876712328766,189.71506849315068)]
