AGE00147712,	[(1886,null,170.0),(1887,79.375,230.41129032258064),(1888,106.9882697947214,249.09117647058824)(1889,91.06666666666666,215.9455252918288)]
ASN00048013,	[(1880,123.73546511627907,283.2093023255814),(1881,139.91242937853107,273.59322033898303),(1882,146.96438356164384,278.4547945205479),(1883,145.31666666666666,288.65277777777777),(1884,149.28142076502732,288.3169398907104),(1885,132.01373626373626,297.6732394366197),(1886,127.03835616438356,289.9972602739726),(1887,126.83013698630137,272.827397260274),(1888,124.42349726775956,306.827868852459)(1889,138.62739726027397,293.4739726027397)]
ASN00086071,	[(1880,99.3415300546448,194.05191256830602),(1881,95.26575342465753,194.9150684931507),(1882,95.13424657534246,198.4849315068493),(1883,97.67123287671232,199.92054794520547),(1884,92.66939890710383,192.9016393442623),(1885,95.03835616438356,189.72602739726028),(1886,90.45753424657535,191.16712328767125),(1887,99.77260273972603,190.45753424657534),(1888,92.98907103825137,192.77868852459017)(1889,99.66027397260274,195.3095890410959)]
CA003032680,	[(1885,40.857142857142854,173.06349206349208)(1886,-73.32727272727273,65.50909090909092)]
CA003033879,	[(1886,35.877450980392155,168.83333333333334)(1887,-208.72881355932202,-99.89830508474576)]
CA003072657,	[(1883,-181.83132530120483,-109.92682926829268),(1884,-82.10684931506849,23.189560439560438),(1885,-71.28531855955679,22.448467966573816),(1886,-89.40495867768595,-4.002754820936639),(1887,-188.125,-106.06008583690988),(1888,-49.58361774744027,34.59154929577465)(1889,-67.59025787965616,24.616045845272208)]
CA004016320,	[(1883,-18.30841121495327,102.96261682242991),(1884,-70.48189415041783,48.51532033426184),(1885,-50.635616438356166,65.96986301369863),(1886,-53.12054794520548,74.22465753424657),(1887,-68.13150684931507,53.153424657534245),(1888,-55.80054644808743,58.778688524590166)(1889,-34.58904109589041,102.89315068493151)]
CA004016560,	[(1883,-239.83870967741936,-107.35483870967742),(1884,-82.13661202185793,52.275956284153004),(1885,-59.057534246575344,75.0958904109589),(1886,-61.73424657534247,77.21095890410959),(1887,-74.68767123287671,61.36986301369863)(1888,-308.741935483871,-203.67741935483872)]
CA006057595,	[(1889,24.04,130.725)]
CA006110458,	[(1889,-45.98360655737705,43.47540983606557)]
CA006111766,	[(1885,9.768595041322314,92.16528925619835),(1886,7.115068493150685,113.07945205479452),(1887,2.649315068493151,115.52876712328766),(1888,-18.263736263736263,103.48901098901099)(1889,-1.558904109589041,115.96986301369863)]
CA006136643,	[(1880,40.46448087431694,121.37978142076503),(1881,38.63835616438356,125.37808219178082),(1882,39.36164383561644,120.38356164383562),(1883,19.12054794520548,104.81369863013698),(1884,30.7103825136612,112.6256830601093),(1885,16.517808219178082,102.73150684931507),(1886,29.235616438356164,113.4958904109589),(1887,29.764383561643836,123.63013698630137),(1888,20.93169398907104,112.16666666666667)(1889,39.15890410958904,130.54520547945205)]
CA006137735,	[(1880,25.694267515923567,138.34076433121018),(1881,23.910543130990416,137.1597444089457),(1882,24.883870967741935,129.33225806451614),(1883,8.968152866242038,119.56687898089172),(1884,14.041533546325878,126.98722044728434),(1885,4.779552715654952,108.78594249201278),(1886,18.361022364217252,118.03833865814697),(1887,19.30031948881789,124.6964856230032)(1888,-123.8125,-27.395833333333332)]
CA006143780,	[(1880,-35.15533980582524,59.22018348623853),(1881,27.395833333333332,128.03424657534248),(1887,-51.77777777777778,35.28169014084507)(1888,7.5182926829268295,121.52134146341463)]
CA006164430,	[(1880,11.304477611940298,125.7641791044776),(1881,3.83013698630137,123.81369863013698),(1882,-0.6328767123287671,113.94520547945206),(1883,-20.77900552486188,97.59116022099448),(1884,-9.92054794520548,113.1978021978022),(1885,-21.578082191780823,98.69589041095891),(1886,-9.221917808219178,113.05205479452054),(1887,-10.216438356164383,116.14520547945206),(1888,-15.819672131147541,105.44535519125684)(1889,7.2027397260273975,113.8986301369863)]
CA007050200,	[(1880,20.009615384615383,96.90291262135922),(1881,-13.386430678466077,49.32941176470588),(1882,-16.627397260273973,44.4027397260274),(1883,-23.931506849315067,34.88493150684931),(1884,-27.44808743169399,30.524590163934427),(1885,-16.068493150684933,37.97534246575343),(1886,-5.720547945205479,49.608219178082194),(1887,-14.306849315068494,40.01917808219178),(1888,-7.076502732240437,47.59836065573771)(1889,-0.4849315068493151,53.553424657534244)]
CA008100500,	[(1880,-17.0,87.61980830670926),(1881,-56.85087719298246,44.016949152542374),(1882,-21.20655737704918,98.72786885245901),(1883,-48.42238267148014,75.35018050541517),(1884,-27.674418604651162,93.61627906976744),(1885,-22.20234604105572,100.80351906158357),(1886,-23.392156862745097,104.1484593837535),(1887,-35.76601671309192,95.36944444444444),(1888,-24.799418604651162,101.84507042253522)(1889,-2.2521246458923514,127.47025495750708)]
CA008101700,	[(1880,-17.188524590163933,110.69398907103825),(1881,-5.164383561643835,108.96986301369863),(1882,-17.356164383561644,103.88493150684931),(1883,-30.172602739726027,99.86849315068493),(1884,-17.846994535519126,101.56557377049181),(1885,-21.54794520547945,104.68767123287671),(1886,-10.26849315068493,104.33150684931506),(1887,-15.575342465753424,98.77808219178083),(1888,-14.062841530054644,93.02459016393442)(1889,5.101369863013699,116.07123287671233)]
CA008103825,	[(1886,32.08988764044944,151.12359550561797),(1887,-11.937125748502995,100.26726726726727),(1888,-25.114754098360656,56.09836065573771)(1889,-8.58904109589041,101.52328767123288)]
CE000043497,	[(1880,237.01381215469613,306.5382513661202),(1881,239.47671232876712,302.8493150684931),(1882,236.92876712328768,301.3424657534247),(1883,233.986301369863,300.2191780821918),(1884,233.15300546448088,292.77322404371586),(1885,234.4931506849315,290.8109589041096),(1886,233.31506849315068,288.6011235955056),(1887,230.06849315068493,295.44884488448844),(1888,233.30601092896174,304.0464480874317)(1889,235.78082191780823,306.6876712328767)]
RSM00024944,	[(1882,-168.70909090909092,null)]
RSM00032061,	[(1881,-45.53611111111111,null),(1882,-40.583561643835615,null),(1883,-54.704109589041096,null),(1884,-68.38251366120218,null),(1885,-64.02465753424657,null),(1886,-44.843835616438355,null),(1887,-53.52054794520548,null),(1888,-48.35245901639344,null)(1889,-66.36712328767123,null)]
RSM00034880,	[(1881,48.72054794520548,138.42191780821918),(1882,58.9013698630137,149.0),(1883,50.865753424657534,149.44383561643835),(1884,49.14754098360656,143.53551912568307),(1885,46.37808219178082,150.33972602739726),(1886,8.458563535911603,111.61878453038673)(1889,-113.19354838709677,-62.516129032258064)]
UK000047811,	[(1880,53.3551912568306,123.80054644808743),(1881,46.013698630136986,115.14520547945206),(1882,53.42739726027397,123.57260273972602),(1883,46.66575342465753,121.46301369863014),(1884,49.62841530054645,129.3551912568306),(1885,44.06027397260274,120.25753424657535),(1886,46.02739726027397,116.78356164383561),(1887,46.45205479452055,123.67945205479452),(1888,46.28142076502732,119.22950819672131)(1889,54.1945205479452,125.33150684931506)]
USC00047738,	[(1880,109.67486338797814,188.77322404371586),(1881,117.14246575342466,200.0027397260274),(1882,115.23013698630137,197.013698630137),(1883,124.55068493150685,205.0027397260274),(1884,120.98087431693989,200.827868852459),(1885,129.3835616438356,210.36986301369862),(1886,125.16986301369863,198.14520547945204),(1887,123.27945205479452,195.46027397260275),(1888,131.82513661202185,199.18032786885246)(1889,127.40821917808219,212.0109589041096)]
USC00068138,	[(1888,63.52336448598131,167.39252336448598)(1889,40.797260273972604,129.39221556886227)]
USC00172426,	[(1889,63.0,124.8)]
USC00191097,	[(1884,-26.216666666666665,59.56666666666667),(1885,38.87227414330218,133.72530864197532),(1886,41.17906336088154,132.97796143250687),(1887,41.460055096418735,132.12983425414365),(1888,33.37640449438202,120.958217270195)(1889,52.11363636363637,136.90027700831024)]
USC00194313,	[(1885,146.09677419354838,241.4516129032258)(1889,45.137362637362635,146.18356164383562)]
USC00201215,	[(1889,126.96774193548387,214.20967741935485)]
USC00254812,	[(1882,-28.425,-256.275)]
USC00419421,	[(1883,193.3177570093458,342.1448598130841),(1884,185.08095238095237,307.0379146919431),(1885,191.0054347826087,303.67934782608694),(1886,200.88717948717948,319.3948717948718),(1887,203.42391304347825,324.32608695652175)(1888,162.06405693950177,278.83274021352315)]
USC00444876,	[(1889,91.79906542056075,215.83177570093457)]
USC00456109,	[(1880,43.648648648648646,137.95810055865923),(1881,53.09880239520958,138.45209580838323),(1882,50.536986301369865,141.75616438356164),(1883,52.397260273972606,146.74246575342465),(1884,53.53551912568306,150.35792349726776),(1885,59.084931506849315,168.36438356164385),(1886,53.704109589041096,155.4931506849315),(1887,47.15890410958904,144.1205479452055),(1888,55.885245901639344,157.47540983606558)(1889,54.49315068493151,165.16164383561645)]
USW00014838,	[(1880,4.912568306010929,105.44262295081967),(1881,2.5835616438356164,79.5041095890411),(1882,14.95068493150685,106.53892215568862),(1883,-32.83287671232877,82.01369863013699),(1884,-97.74590163934427,9.073770491803279),(1885,14.065573770491802,108.99346405228758),(1886,-0.810958904109589,97.94246575342466),(1887,9.625748502994012,103.06586826347305),(1888,-10.327868852459016,75.5792349726776)(1889,13.389041095890411,96.01095890410959)]
USW00014971,	[(1883,103.61904761904762,194.45539906103286),(1886,-23.824175824175825,92.86813186813187),(1887,-76.07883817427386,98.51666666666667),(1888,29.879781420765028,152.224043715847)(1889,30.79940119760479,172.4311377245509)]
