AGE00147713,	[(1880,79.93939393939394,207.63287671232877),(1881,79.34246575342466,214.39178082191782),(1882,69.0415512465374,210.47619047619048),(1886,97.62949640287769,222.97491039426524),(1887,82.69578313253012,205.98159509202455),(1888,74.66101694915254,203.2130681818182)(1889,69.1455938697318,173.63636363636363)]
ASN00033046,	[(1889,224.16949152542372,291.1551724137931)]
ASN00035027,	[(1889,193.8860759493671,319.7037037037037)]
ASN00052026,	[(1880,127.46666666666667,278.89722222222224),(1881,127.7584541062802,269.9466019417476),(1882,115.3125,297.55670103092785),(1883,115.74550898203593,275.1556886227545),(1884,133.22191011235955,290.6912568306011),(1885,125.45251396648045,280.55128205128204),(1886,128.6821917808219,258.213698630137),(1887,123.75342465753425,253.61904761904762),(1888,122.95027624309392,265.27197802197804)(1889,140.58677685950414,250.08264462809916)]
ASN00074128,	[(1880,85.58441558441558,233.41479099678457),(1881,77.69871794871794,235.74679487179486),(1882,85.4,247.8483870967742),(1883,83.86816720257235,242.86495176848874),(1884,75.37179487179488,252.74358974358975),(1885,76.87459807073955,260.5176848874598),(1886,69.2508038585209,269.46945337620576),(1887,77.68589743589743,270.9392971246006),(1888,67.95806451612903,272.84565916398714)(1889,84.60322580645162,266.78709677419357)]
AU000005901,	[(1880,57.12841530054645,138.99180327868854),(1881,47.9013698630137,122.95068493150686),(1882,61.057534246575344,142.06575342465754),(1883,54.24109589041096,128.27671232876713),(1884,56.595628415300546,135.52732240437157),(1885,54.057534246575344,136.6931506849315),(1886,55.74794520547945,133.94794520547944),(1887,49.16712328767123,124.81369863013698),(1888,45.44535519125683,121.6775956284153)(1889,52.18630136986302,123.26301369863013)]
AU000011801,	[(1880,36.8551912568306,136.9672131147541),(1881,36.14794520547945,131.0191780821918),(1882,37.827397260273976,136.1123287671233),(1883,31.964383561643835,125.83561643835617),(1884,44.5,126.22131147540983),(1885,40.76438356164383,132.46849315068494),(1886,46.57534246575342,130.83013698630137),(1887,39.42739726027397,118.0)(1888,42.08743169398907,120.05191256830601)]
CA001066336,	[(1886,57.160377358490564,130.1822429906542),(1887,12.017241379310345,90.64835164835165),(1888,33.37003058103976,104.36612021857924)(1889,37.21369863013699,115.3013698630137)]
CA001114620,	[(1881,38.68975903614458,138.11746987951807),(1882,35.85479452054795,134.586301369863)(1883,37.712574850299404,145.69161676646706)]
CA003050520,	[(1887,-193.41176470588235,-74.17647058823529),(1888,-134.1931818181818,-7.034090909090909)(1889,-86.03973509933775,59.794701986754966)]
CA004040420,	[(1880,-102.40963855421687,62.44159544159544),(1881,-102.26285714285714,40.462857142857146),(1882,-117.61224489795919,3.326530612244898),(1883,-196.5549132947977,-58.60919540229885),(1884,-107.42745098039215,8.662745098039215),(1885,-290.07142857142856,-188.71428571428572)(1886,-119.77777777777777,-0.1111111111111111)]
CA006094450,	[(1880,5.4316939890710385,98.09289617486338),(1881,-8.095238095238095,86.96666666666667),(1886,30.017241379310345,124.98850574712644),(1887,-7.598337950138504,101.16388888888889),(1888,-9.028011204481793,87.24649859943978)(1889,14.408219178082192,108.74520547945205)]
CA006124127,	[(1880,33.78947368421053,127.90883977900552),(1881,-41.53146853146853,125.38028169014085),(1882,null,123.76571428571428),(1883,36.296551724137935,107.92613636363636),(1884,23.370473537604457,117.70752089136491),(1885,9.306358381502891,106.22543352601156),(1886,28.01197604790419,121.08083832335329),(1888,1.4325153374233128,99.7760736196319)(1889,29.501483679525222,121.19584569732937)]
CA006150913,	[(1880,27.158640226628894,120.84426229508196),(1881,22.715068493150685,124.64931506849315),(1882,12.510263929618768,109.32058823529412),(1883,-1.6712328767123288,101.33424657534246),(1884,6.415300546448087,111.94535519125684),(1885,-12.138643067846608,91.79464285714286),(1886,4.221590909090909,109.43019943019944),(1887,6.337078651685394,118.50140845070422)(1888,4.5710382513661205,110.03551912568307)]
CA006158350,	[(1880,30.918032786885245,118.86065573770492),(1881,32.93150684931507,124.21369863013699),(1882,31.076712328767123,117.89315068493151),(1883,6.402739726027397,100.95616438356164),(1884,16.516393442622952,111.07103825136612),(1885,4.287671232876712,98.61643835616438),(1886,18.03287671232877,110.02739726027397),(1887,19.356164383561644,114.6054794520548),(1888,13.60655737704918,105.74863387978142)(1889,32.704109589041096,118.75068493150685)]
CA007021954,	[(1880,43.382075471698116,145.99530516431926),(1881,-1.7743732590529249,109.73184357541899),(1882,-11.91388888888889,101.48055555555555),(1883,-24.082872928176794,97.22375690607734),(1884,2.6149425287356323,106.17260273972603),(1885,-20.330532212885153,98.80672268907563),(1886,-13.456582633053221,111.30812324929973)(1887,-11.74251497005988,112.23652694610779)]
CA008104500,	[(1883,-47.5735294117647,73.10958904109589)]
CA008403500,	[(1880,0.04918032786885246,83.49726775956285),(1881,0.8410958904109589,83.75068493150685),(1882,-6.120547945205479,88.59178082191781),(1883,-7.201657458563536,106.2396694214876),(1884,-11.084699453551913,80.74863387978142),(1885,7.293150684931507,88.99178082191781),(1886,9.115068493150686,96.6),(1887,1.073972602739726,89.90958904109588),(1888,3.2950819672131146,80.00819672131148)(1889,22.94413407821229,111.83240223463687)]
EGE00147732,	[(1884,131.21311475409837,267.0659340659341),(1885,155.81643835616438,272.23835616438356),(1886,155.03296703296704,269.69505494505495),(1887,160.44383561643835,278.4356164383562),(1888,159.10382513661202,274.672131147541)(1889,157.96164383561643,277.34520547945203)]
GLE00100981,	[(1880,-36.093877551020405,null),(1881,-74.66575342465754,null),(1882,-104.91506849315068,null),(1883,-85.47397260273972,null),(1884,-126.18611111111112,null),(1885,-83.55681818181819,null),(1886,-104.61369863013698,null),(1887,-111.71954674220963,null),(1888,-93.74590163934427,null)(1889,-89.23287671232876,null)]
KZ000035700,	[(1881,24.42608695652174,null),(1882,-116.38709677419355,null),(1885,-0.8114754098360656,43.08139534883721),(1886,null,118.64657534246575)(1887,null,244.1138211382114)]
RSM00023804,	[(1888,-4.817843866171004,null)(1889,-29.395604395604394,null)]
RSM00027051,	[(1883,-40.51086956521739,null)(1884,-52.84,null)]
RSM00028275,	[(1887,-149.8360655737705,null),(1888,-51.743169398907106,null)(1889,-49.99452054794521,null)]
RSM00034163,	[(1884,-20.76502732240437,null)]
SZ000002220,	[(1882,-49.33606557377049,-3.3140495867768593),(1883,-49.42774566473989,21.222543352601157),(1884,-45.11077844311377,12.09009009009009),(1885,-37.747252747252745,16.365384615384617),(1886,-42.488950276243095,17.480662983425415)(1887,-49.70879120879121,11.76923076923077)]
UPM00033976,	[(1882,101.21369863013699,150.6),(1883,48.14150943396226,90.39150943396227)(1885,101.17534246575343,148.55890410958904)]
USC00174230,	[(1885,-25.348837209302324,57.252873563218394),(1886,6.108882521489972,112.81024096385542),(1887,-24.786713286713287,75.11827956989248),(1888,-6.509578544061303,74.6526717557252)(1889,31.09667673716012,116.67272727272727)]
USC00190830,	[(1889,64.75342465753425,146.65753424657535)]
USC00192010,	[(1885,3.265625,null),(1886,-15.75414364640884,4.387096774193548),(1887,4.161184210526316,112.52805280528052),(1888,18.75414364640884,128.95580110497238)(1889,39.010989010989015,144.87016574585635)]
USC00198374,	[(1885,71.64673913043478,176.79738562091504),(1886,38.07123287671233,157.3945205479452),(1887,40.714285714285715,153.85479452054796),(1888,19.57704918032787,126.57377049180327)(1889,56.97260273972603,157.0986301369863)]
USC00198960,	[(1885,78.8663101604278,201.85714285714286),(1886,34.987096774193546,155.86996904024767),(1887,25.35542168674699,146.10919540229884),(1888,15.333333333333334,136.84984984984985)(1889,44.52842809364549,147.65814696485623)]
USC00264939,	[(1885,38.83988764044944,180.15168539325842),(1886,29.66849315068493,172.7780821917808),(1887,15.810958904109588,171.0082191780822),(1888,27.866071428571427,176.73511904761904)(1889,-10.013245033112582,132.28476821192052)]
USC00266252,	[(1888,14.446022727272727,183.33879781420765)(1889,6.798165137614679,198.57808219178082)]
USC00271682,	[(1880,31.081967213114755,156.52732240437157),(1881,32.778082191780825,149.53150684931506),(1882,21.528767123287672,145.91232876712328),(1883,10.263013698630138,137.95342465753424),(1884,26.674863387978142,132.84972677595627),(1885,15.035616438356165,126.72328767123288),(1886,24.90684931506849,134.84931506849315),(1887,25.731506849315068,129.67123287671234),(1888,17.669398907103826,120.96174863387978)(1889,35.20821917808219,141.2931506849315)]
USC00279307,	[(1886,-21.58,122.93288590604027),(1887,-2.646067415730337,111.61148648648648)(1889,-12.453038674033149,127.11602209944752)]
USC00354670,	[(1887,30.09090909090909,183.9878787878788)(1888,-12.547619047619047,125.51968503937007)]
USC00481816,	[(1881,100.0,267.0)]
USW00014898,	[(1886,-9.049180327868852,82.71311475409836),(1887,9.852054794520548,110.41643835616438),(1888,4.959016393442623,98.57650273224044)(1889,22.06027397260274,113.27397260273973)]
USW00093725,	[(1880,82.8224043715847,184.05191256830602),(1881,75.76347305389221,173.64071856287424),(1882,82.1972602739726,177.3068493150685),(1883,74.31506849315069,175.42465753424656),(1884,81.10382513661202,182.10382513661202),(1885,55.46027397260274,168.2931506849315),(1886,71.98082191780821,137.4794520547945),(1887,79.30410958904109,176.41095890410958),(1888,73.0464480874317,169.28415300546447)(1889,83.17534246575343,175.21369863013697)]
UZM00038457,	[(1881,116.0,240.63837638376384),(1882,104.96026490066225,198.76923076923077),(1883,105.08088235294117,216.35029940119762),(1884,139.34444444444443,168.28476821192052)(1889,-127.61290322580645,null)]
