AGE00147705,	[(1886,null,154.0),(1887,145.2,228.2277777777778),(1888,149.34615384615384,224.32417582417582)(1889,144.26666666666668,220.3910447761194)]
AGE00147717,	[(1880,72.45628415300547,233.9917808219178),(1881,87.36712328767123,248.38082191780822),(1882,18.441666666666666,238.2054794520548),(1883,90.51785714285714,238.77380952380952),(1884,84.81420765027322,218.8870056497175),(1885,75.76415094339623,235.5693641618497),(1886,89.64309764309765,248.92128279883383),(1887,88.26849315068493,243.46153846153845),(1888,77.46556473829202,235.28925619834712)(1889,71.63636363636364,228.19819819819818)]
ASN00094029,	[(1882,69.81454545454545,148.36),(1883,88.48209366391184,170.14958448753464),(1884,76.4478021978022,165.17403314917127),(1885,75.40273972602739,163.37808219178083),(1886,73.71232876712328,164.13150684931506),(1887,77.21095890410959,170.52328767123288),(1888,71.76923076923077,167.4010989010989)(1889,79.87671232876713,169.33698630136988)]
AU000015410,	[(1886,-134.4262295081967,-80.49180327868852),(1887,-98.05479452054794,-49.83561643835616),(1888,-92.24043715846994,-45.3551912568306)(1889,-92.98904109589041,-49.03013698630137)]
CA001100120,	[(1889,-13.595744680851064,65.31914893617021)]
CA004013480,	[(1889,-88.67272727272727,52.1875)]
CA005011760,	[(1880,null,-144.05882352941177),(1881,-28.142045454545453,55.106849315068494),(1882,-57.06849315068493,61.945205479452056),(1883,-91.8958904109589,37.6),(1884,-83.2103825136612,45.00819672131148),(1885,-80.2986301369863,54.81917808219178),(1886,-79.1917808219178,69.03287671232877),(1887,-86.02465753424657,57.515068493150686),(1888,-76.51092896174863,58.17486338797814)(1889,-52.917808219178085,100.69589041095891)]
CA005022547,	[(1880,-65.80601092896175,62.44808743169399),(1881,-53.50410958904109,77.06027397260274),(1882,-77.54605263157895,57.36842105263158),(1883,-87.62191780821918,52.6986301369863),(1884,-76.9672131147541,57.40710382513661)(1885,-52.68904593639576,78.85159010600707)]
CA005062047,	[(1884,null,-45.0)(1885,-315.89230769230767,-215.3030303030303)]
CA006059475,	[(1888,-199.5,-49.22727272727273)(1889,-63.4027397260274,75.52054794520548)]
CA006101658,	[(1888,17.536723163841806,145.3370786516854)(1889,-10.964383561643835,117.75616438356164)]
CA006113000,	[(1880,0.13424657534246576,110.23013698630137),(1881,4.337912087912088,115.71703296703296),(1882,4.233516483516484,107.68406593406593),(1883,-17.202739726027396,93.23351648351648),(1884,-4.975342465753425,106.88219178082191),(1885,-20.794520547945204,91.10989010989012),(1886,-4.03013698630137,102.77808219178083),(1887,-7.7162534435261705,114.44903581267218),(1888,-17.636111111111113,98.075)(1889,2.3287292817679557,116.65013774104683)]
CA006116254,	[(1880,-5.8743169398907105,105.12021857923497),(1881,-1.8794520547945206,111.77534246575343),(1882,-2.736986301369863,104.01369863013699),(1883,-28.39178082191781,88.1013698630137),(1884,-14.841530054644808,101.39344262295081),(1885,-31.216438356164385,86.7095890410959),(1886,-13.901369863013699,99.72876712328767),(1887,-18.70958904109589,101.59178082191781),(1888,-22.93169398907104,89.86065573770492)(1889,4.032876712328767,107.97808219178083)]
CA006120315,	[(1882,17.721311475409838,113.64754098360656),(1883,7.779944289693593,110.28969359331477),(1884,10.54,115.29799426934098),(1885,-0.13424657534246576,105.11780821917809),(1886,14.052054794520547,121.11780821917809),(1887,18.087912087912088,124.91208791208791),(1888,8.270491803278688,112.69398907103825)(1889,25.375342465753423,123.16438356164383)]
CA006139520,	[(1880,39.3343949044586,149.64012738853503),(1881,36.16932907348243,149.65495207667732),(1882,37.26282051282051,144.01282051282053),(1883,19.511182108626198,133.56230031948883),(1884,25.9171974522293,143.0859872611465),(1885,13.217252396166135,128.65495207667732),(1886,25.156549520766774,144.89456869009584)(1887,24.4185303514377,146.2523961661342)]
CA006142993,	[(1880,25.806010928961747,128.34972677595627),(1881,23.567123287671233,132.27671232876713),(1882,20.4,125.36712328767123),(1883,0.07417582417582418,110.1456043956044),(1884,11.92876712328767,120.99178082191781),(1885,-1.0328767123287672,105.44657534246575)(1886,13.12054794520548,121.44383561643835)]
CA006165195,	[(1886,-114.98360655737704,-3.7868852459016393),(1887,-38.93698630136986,115.81643835616438),(1888,-41.377049180327866,100.5327868852459)(1889,-15.849315068493151,117.48493150684932)]
CA007025280,	[(1880,10.734972677595628,110.99180327868852),(1881,20.589041095890412,111.58082191780822),(1882,12.953424657534246,98.17808219178082),(1883,-1.9698630136986301,89.47123287671234),(1884,9.327868852459016,98.06830601092896),(1885,-0.536986301369863,86.04657534246576),(1886,8.361643835616439,97.23835616438356),(1887,5.890410958904109,95.64931506849315),(1888,3.2240437158469946,85.93989071038251)(1889,21.704109589041096,102.75890410958904)]
CA008104600,	[(1880,24.80952380952381,104.05191256830601),(1881,17.89041095890411,102.13698630136986),(1882,6.008219178082192,98.35616438356165),(1883,-2.9945205479452053,94.47671232876712),(1884,3.978142076502732,97.93715846994536),(1885,-0.0410958904109589,97.22465753424657),(1886,4.671232876712328,105.6082191780822),(1887,0.9424657534246575,100.21369863013699),(1888,-0.1092896174863388,92.62295081967213)(1889,18.561643835616437,113.88219178082191)]
CA008204420,	[(1881,6.426865671641791,92.62089552238805),(1882,5.446575342465754,91.55342465753425),(1883,8.778082191780822,101.23287671232876),(1884,8.480874316939891,100.6256830601093),(1885,15.794520547945206,112.07397260273973),(1886,27.42032967032967,129.29395604395606),(1887,12.868493150684932,107.6),(1888,9.633879781420765,97.67486338797814)(1889,31.073972602739726,121.66575342465754)]
RSM00022550,	[(1881,-17.97069597069597,42.73260073260073),(1882,-10.113772455089821,41.90718562874252),(1883,-7.616438356164384,45.11506849315069),(1884,-31.76775956284153,23.10655737704918),(1885,-32.81095890410959,30.389041095890413),(1886,-11.715068493150685,39.843835616438355),(1887,-17.073972602739726,40.81095890410959),(1888,-40.10655737704918,17.956284153005466)(1889,-8.016438356164384,44.47123287671233)]
RSM00026477,	[(1881,-25.818791946308725,53.68227424749164),(1882,22.011204481792717,94.00280112044818),(1883,17.175824175824175,97.31985294117646),(1884,15.41795665634675,107.80745341614907),(1885,20.38719512195122,107.60550458715596),(1886,6.466480446927374,97.80167597765363),(1887,21.936507936507937,109.66031746031746),(1888,-22.275862068965516,73.253125)(1889,3.8550724637681157,106.2316715542522)]
USC00011685,	[(1889,180.140350877193,310.87719298245617)]
USC00053010,	[(1880,-55.595628415300546,127.71857923497268),(1881,-39.02465753424657,124.25205479452055),(1882,-51.3013698630137,133.97527472527472)(1883,-25.05263157894737,130.8125)]
USC00064767,	[(1880,42.4207650273224,156.2295081967213),(1881,42.8027397260274,153.1095890410959),(1882,36.441095890410956,147.33150684931508),(1883,28.487671232876714,145.51232876712328),(1884,39.87431693989071,150.3224043715847),(1885,31.34246575342466,148.68493150684932),(1886,35.76438356164383,148.3972602739726),(1887,36.44931506849315,148.23835616438356),(1888,28.47814207650273,137.224043715847)(1889,53.52054794520548,151.2821917808219)]
USC00171100,	[(1888,30.797385620915033,117.51633986928104)(1889,35.8644578313253,133.11854103343464)]
USC00173046,	[(1886,-3.3360655737704916,97.60655737704919),(1887,11.791780821917808,115.43013698630136),(1888,13.254098360655737,109.41256830601093)(1889,34.3041095890411,131.37534246575342)]
USC00195891,	[(1886,-47.0,null)(1887,-47.5,161.5)]
USC00200094,	[(1889,35.98148148148148,63.7962962962963)]
USC00205065,	[(1888,59.17934782608695,130.55434782608697)(1889,32.9041095890411,104.93972602739726)]
USC00262030,	[(1888,null,-140.16666666666666)]
USC00270690,	[(1886,11.895238095238096,162.5528846153846),(1887,-29.22099447513812,123.35714285714286),(1888,-29.629834254143645,104.12154696132596)(1889,25.65568862275449,146.64670658682635)]
USC00276944,	[(1887,-44.05434782608695,60.76086956521739)(1888,-13.532786885245901,112.32876712328768)]
USC00278854,	[(1885,42.840375586854464,160.11057692307693),(1886,0.949438202247191,113.87845303867404),(1887,5.88515406162465,111.17058823529412),(1888,-15.397553516819572,105.18983050847457)(1889,14.927007299270073,112.61924686192468)]
USC00301207,	[(1888,-72.57777777777778,116.05405405405405)]
USC00367239,	[(1884,1.6065573770491803,209.34426229508196),(1885,35.974264705882355,111.26838235294117),(1886,40.97534246575343,119.57260273972602),(1887,36.79178082191781,145.43835616438355),(1888,29.887978142076502,148.04644808743168)(1889,47.657534246575345,161.98626373626374)]
USC00431072,	[(1883,null,-5.032258064516129),(1884,-66.7109375,110.88709677419355),(1885,-92.90265486725664,116.54573170731707),(1886,-65.1328125,89.93928571428572),(1887,-73.12037037037037,92.36531365313652),(1888,-83.29166666666667,101.80124223602485)(1889,-44.408,118.7109634551495)]
USC00464045,	[(1883,88.4,200.74285714285713),(1884,50.076502732240435,166.94535519125682),(1885,40.273972602739725,148.18406593406593),(1886,49.153424657534245,158.3972602739726),(1887,59.90684931506849,167.17260273972602),(1888,59.78338278931751,148.31420765027323)(1889,-20.903225806451612,65.06451612903226)]
USC00474375,	[(1880,37.86612021857923,131.75409836065575),(1881,44.19178082191781,130.03287671232877),(1882,46.487671232876714,130.15616438356165),(1883,19.465753424657535,107.31506849315069),(1884,31.6775956284153,117.8360655737705),(1885,27.12876712328767,113.17260273972603),(1886,38.49589041095891,133.27472527472528),(1887,20.471232876712328,128.6958904109589),(1888,13.368852459016393,109.17213114754098)(1889,29.269972451790633,133.90358126721762)]
USW00053875,	[(1880,114.5846994535519,207.75409836065575),(1881,115.65205479452055,211.85205479452054),(1882,115.97534246575343,208.42739726027398),(1883,113.83287671232877,214.16438356164383),(1884,107.99180327868852,208.3551912568306),(1885,97.77260273972603,197.06575342465754),(1886,92.25205479452055,199.3068493150685),(1887,104.66027397260274,215.75068493150684),(1888,105.27049180327869,211.54371584699453)(1889,102.95616438356164,213.33424657534246)]
