ASN00014016,	[(1885,230.3223880597015,328.1283582089552),(1886,237.48219178082192,334.35616438356163),(1887,227.14246575342466,325.87397260273974),(1888,234.3415300546448,336.3224043715847)(1889,240.53150684931506,339.9972602739726)]
ASN00015540,	[(1880,124.64207650273224,306.5109289617486),(1881,133.05205479452056,303.55890410958904),(1882,133.57260273972602,284.91506849315067),(1883,120.37637362637362,298.05753424657536),(1884,126.74863387978142,299.6639344262295),(1885,118.48901098901099,296.6849315068493),(1886,124.30684931506849,295.1868131868132),(1887,122.47397260273972,289.90410958904107),(1888,133.2554945054945,301.22677595628414)(1889,139.15890410958903,301.213698630137)]
ASN00063004,	[(1880,64.68939393939394,202.01520912547528),(1881,61.52290076335878,202.04961832061068),(1882,66.51937984496124,210.22779922779924),(1883,58.86821705426357,203.09652509652508),(1884,62.44615384615385,216.15),(1885,62.130434782608695,219.4496124031008),(1886,66.74524714828897,211.35361216730038),(1887,70.53076923076924,198.77692307692308),(1888,55.08880308880309,228.84942084942085)(1889,71.66153846153846,223.46153846153845)]
CA001105550,	[(1880,39.055865921787706,120.70949720670392),(1881,47.108635097493035,130.35933147632312)(1882,-19.796610169491526,30.016949152542374)]
CA003072145,	[(1880,-97.4153005464481,50.22527472527472),(1881,-78.27123287671233,59.843835616438355),(1882,-81.19263456090651,70.77259475218659),(1884,-4.292887029288703,141.5774058577406)(1886,-114.51461988304094,34.771929824561404)]
CA004028035,	[(1885,-108.41935483870968,1.8387096774193548),(1886,-36.55922865013774,106.80716253443526),(1887,-54.09041095890411,81.32328767123288),(1888,-45.978142076502735,90.02185792349727)(1889,-31.065753424657533,123.9013698630137)]
CA005012520,	[(1883,-118.67826086956522,6.9),(1884,-82.37362637362638,41.797814207650276),(1885,-75.15426997245179,53.0),(1886,-79.04383561643836,63.30958904109589),(1887,-87.8,51.78630136986301),(1888,-82.47790055248619,47.467213114754095)(1889,-66.65934065934066,88.85989010989012)]
CA006124700,	[(1886,53.546728971962615,163.093896713615),(1887,12.852054794520548,122.84657534246575),(1888,3.6346153846153846,110.9945205479452)(1889,22.254794520547946,124.04109589041096)]
CA006137147,	[(1885,-12.209302325581396,69.23529411764706),(1886,16.284122562674096,129.47353760445682),(1887,17.754820936639117,132.54820936639118),(1888,6.549180327868853,121.8360655737705)(1889,24.052054794520547,138.0082191780822)]
CA006141843,	[(1880,-63.21739130434783,29.119565217391305),(1881,9.623626373626374,126.59504132231405),(1882,7.544198895027624,112.0939226519337),(1883,-13.346153846153847,96.5702479338843),(1884,-70.69491525423729,31.920454545454547),(1885,-17.28767123287671,100.03561643835616),(1886,2.813698630136986,110.67671232876712),(1887,2.8493150684931505,112.75068493150685),(1888,-3.040983606557377,102.8415300546448)(1889,13.243835616438357,117.87945205479453)]
CA006149625,	[(1880,14.114754098360656,130.18032786885246),(1881,11.246575342465754,133.74246575342465),(1882,10.225274725274724,126.48626373626374),(1883,-10.641456582633053,109.27731092436974),(1884,2.8961748633879782,118.37978142076503),(1885,-7.964383561643835,104.51506849315068),(1886,4.526027397260274,117.16712328767123),(1887,5.472527472527473,124.50824175824175),(1888,-1.6830601092896176,114.36338797814207)(1889,16.63186813186813,126.34065934065934)]
CA006150243,	[(1887,-6.315934065934066,106.89010989010988),(1888,-18.060109289617486,92.33333333333333)(1889,1.1835616438356165,106.47123287671234)]
CA006160465,	[(1882,-54.561797752808985,46.70454545454545),(1883,-43.554913294797686,82.54913294797687),(1884,-35.95,100.4298245614035),(1885,-42.50898203592814,96.90390390390391),(1886,-155.41573033707866,-13.910112359550562)(1889,-58.21951219512195,35.25609756097561)]
CA006163156,	[(1888,26.438095238095237,145.6904761904762)(1889,-4.002747252747253,108.51780821917808)]
CA006164297,	[(1880,32.268595041322314,null),(1881,13.901360544217686,null),(1882,10.002898550724638,null),(1883,-17.370588235294118,155.65437788018434),(1884,-6.307926829268292,153.27678571428572),(1885,-26.06687898089172,100.6118881118881),(1886,-22.510135135135137,129.48598130841123),(1887,-21.567307692307693,84.54304635761589),(1888,-17.842261904761905,94.24404761904762)(1889,14.424242424242424,114.32782369146005)]
CA007066688,	[(1888,5.783882783882784,102.00732600732601)(1889,-21.87945205479452,73.84657534246575)]
CA008104800,	[(1880,10.53825136612022,88.33060109289617),(1881,14.835616438356164,87.23835616438356),(1882,5.361643835616438,81.26301369863013),(1883,-1.8969359331476323,86.85793871866295),(1884,0.23224043715846995,89.59289617486338),(1885,-2.3917808219178083,91.63561643835617),(1886,3.654696132596685,98.03867403314918),(1887,-0.38082191780821917,92.01369863013699),(1888,-0.06318681318681318,84.22527472527473)(1889,20.73972602739726,102.83835616438355)]
CA008205988,	[(1880,-6.401639344262295,113.03825136612022),(1881,-0.8622589531680441,107.98618784530387),(1882,-5.458563535911602,103.91735537190083),(1883,-20.635258358662615,94.42944785276073),(1884,-3.284507042253521,104.46796657381616),(1885,-3.9519774011299433,112.57062146892656),(1886,7.198895027624309,117.35812672176309),(1887,-3.3333333333333335,110.31932773109244),(1888,-2.069060773480663,100.85635359116021)(1889,17.818181818181817,125.12947658402204)]
CA008206410,	[(1880,-37.53947368421053,67.92105263157895),(1881,21.284900284900285,103.45425867507886),(1882,10.143250688705233,101.63461538461539)(1883,-135.10526315789474,69.56424581005587)]
CA008300298,	[(1880,3.271978021978022,91.6456043956044),(1881,6.145205479452055,89.75274725274726),(1882,-1.1232876712328768,85.38356164383562),(1883,-4.336986301369863,87.36986301369863),(1884,-5.60655737704918,84.61748633879782),(1885,-0.07945205479452055,92.32876712328768),(1886,-33.29834254143646,61.92265193370166),(1888,54.54347826086956,125.35326086956522)(1889,30.15068493150685,107.17260273972603)]
CA008300441,	[(1880,-9.581967213114755,91.17213114754098),(1881,-2.7793296089385473,86.62011173184358),(1882,-10.746438746438747,82.80626780626781),(1883,-17.506849315068493,88.24931506849315),(1884,-14.07103825136612,80.57103825136612),(1885,-9.824657534246576,91.72876712328767),(1886,-4.082191780821918,96.7972602739726),(1887,-11.876712328767123,88.84657534246575),(1888,-11.238356164383562,82.36612021857924)(1889,8.6,110.42465753424658)]
CA008401125,	[(1880,-107.2396694214876,-0.8),(1881,-7.678571428571429,null),(1882,-19.424657534246574,null),(1883,-33.293150684931504,null)(1884,-138.8,null)]
DA000027080,	[(1880,43.314207650273225,109.77322404371584),(1881,29.75890410958904,91.95505617977528),(1882,58.62465753424657,112.67671232876712),(1883,50.81369863013698,104.59452054794521),(1884,56.46174863387978,109.13387978142076),(1885,43.87945205479452,101.9972602739726),(1886,42.94794520547945,103.9068493150685),(1887,40.85753424657534,102.65479452054795),(1888,34.885245901639344,90.30054644808743)(1889,49.1013698630137,106.69315068493151)]
DA000032030,	[(1880,53.33879781420765,102.08196721311475),(1881,41.05205479452055,87.3972602739726),(1882,61.726027397260275,107.42191780821918),(1883,50.78082191780822,96.6082191780822),(1884,57.4344262295082,105.6584699453552),(1885,53.153424657534245,100.08219178082192),(1886,52.536986301369865,104.00821917808219),(1887,51.49589041095891,99.64931506849315),(1888,41.521857923497265,83.62290502793296)(1889,50.057534246575344,96.37808219178082)]
GG000037545,	[(1881,73.63287671232877,null),(1882,79.6556886227545,null),(1883,75.44383561643835,null),(1884,71.19672131147541,null),(1885,74.16164383561645,null),(1886,72.37808219178082,null),(1887,77.95616438356164,null),(1888,77.92349726775956,215.1413043478261)(1889,92.7185628742515,200.03892215568862)]
HRE00105182,	[(1880,41.306569343065696,139.62408759124088)]
KZ000035188,	[(1884,-8.494565217391305,null)(1885,-45.01796407185629,null)]
RSM00022845,	[(1886,0.6306306306306306,null)(1887,-67.64238410596026,null)]
TS000060765,	[(1887,122.47802197802197,258.532967032967),(1888,99.45054945054945,229.34806629834253)(1889,137.02191780821917,256.3972602739726)]
USC00023096,	[(1883,161.49382716049382,306.65432098765433)(1889,118.90119760479043,212.73952095808383)]
USC00030936,	[(1883,191.14814814814815,298.19417475728153),(1884,137.75,296.73015873015873),(1885,187.568345323741,307.0508474576271),(1886,176.38181818181818,298.97076023391816),(1887,215.51470588235293,326.09027777777777),(1888,193.86486486486487,302.6857142857143)(1889,174.54807692307693,279.0761904761905)]
USC00134049,	[(1883,87.68727272727273,151.95636363636365),(1884,58.15223880597015,119.5223880597015),(1885,33.26301369863014,93.54246575342465),(1886,47.446575342465756,112.07123287671233),(1887,44.4027397260274,111.85753424657534)(1888,-189.80645161290323,-121.41935483870968)]
USC00172740,	[(1886,5.814814814814815,125.08389261744966),(1887,-3.9461756373937678,123.90462427745665),(1888,-10.634349030470915,103.85164835164835)(1889,22.451612903225808,161.29032258064515)]
USC00176655,	[(1885,86.89671361502347,142.33802816901408)(1886,-6.6490066225165565,41.43046357615894)]
USC00194340,	[(1885,-40.16129032258065,117.00833333333334),(1886,32.42089552238806,133.5917808219178),(1887,12.613698630136986,133.92328767123288),(1888,-0.0273224043715847,119.79234972677595)(1889,25.646575342465752,139.0054794520548)]
USC00194795,	[(1885,74.33061224489796,178.58775510204083),(1886,32.88219178082192,138.87671232876713),(1887,36.9041095890411,136.32602739726028),(1888,25.161643835616438,125.94808743169399)(1889,45.48760330578512,142.58356164383562)]
USC00195145,	[(1888,134.79508196721312,222.88333333333333)(1889,97.40579710144928,165.44174757281553)]
USC00198375,	[(1884,-18.016393442622952,82.1311475409836),(1885,27.583561643835615,149.87123287671233),(1886,34.205479452054796,150.4986301369863),(1887,43.713467048710605,155.0911680911681),(1888,23.846575342465755,138.82465753424657)(1889,45.136986301369866,154.26301369863015)]
USC00201744,	[(1889,63.459016393442624,176.40983606557376)]
USC00202466,	[(1889,149.11290322580646,272.2096774193548)]
USC00267835,	[(1887,-44.5,147.88524590163934)(1888,66.13333333333334,322.1333333333333)]
USC00268761,	[(1887,-60.645161290322584,74.1923076923077)(1889,82.96846846846847,187.94117647058823)]
USC00275072,	[(1885,62.70909090909091,179.57818181818183),(1886,37.77124183006536,157.79738562091504),(1887,19.231197771587745,123.18994413407822),(1888,15.942424242424243,123.13432835820896)(1889,28.701219512195124,132.54954954954954)]
USC00278875,	[(1885,44.90217391304348,150.2336956521739)(1886,-106.03389830508475,-32.13559322033898)]
USC00313228,	[(1882,null,-27.0)]
USC00486120,	[(1881,211.0,44.0)]
USW00013984,	[(1885,89.2,211.97551020408164),(1886,45.21917808219178,170.03561643835616),(1887,48.4027397260274,176.93150684931507),(1888,45.377049180327866,175.02459016393442)(1889,55.56164383561644,176.96164383561643)]
USW00093820,	[(1887,-11.491803278688524,95.09836065573771),(1888,69.40947075208913,176.12707182320443)(1889,84.11428571428571,180.5742857142857)]
