AGE00147718,	[(1880,147.88251366120218,306.6078431372549),(1881,157.99701492537312,283.8123076923077),(1882,139.66575342465754,271.7698630136986),(1883,127.04109589041096,274.2225433526012),(1885,147.18662952646238,270.0640668523677),(1886,145.8598901098901,266.3924418604651),(1887,142.98076923076923,268.5665722379603),(1888,152.98333333333332,277.3388888888889)(1889,145.0904109589041,268.71625344352617)]
AJ000037735,	[(1882,96.55228758169935,210.9346405228758)]
ASN00055023,	[(1880,49.127946127946124,287.1986531986532),(1881,66.81848184818482,289.34653465346537),(1882,111.65530303030303,296.70075757575756),(1883,122.55409836065574,270.2826747720365),(1884,128.6264705882353,261.0235294117647),(1885,126.49683544303798,248.7594936708861),(1886,121.34722222222223,239.02314814814815),(1887,116.90283400809717,231.05263157894737),(1888,127.4,267.9446808510638)(1889,142.41596638655463,281.3529411764706)]
AU000005010,	[(1880,49.94808743169399,122.77322404371584),(1881,40.084931506849315,111.52602739726028),(1882,49.43287671232877,122.8082191780822),(1883,45.8027397260274,116.21917808219177),(1884,49.60109289617486,124.83333333333333),(1885,45.26301369863014,121.13972602739726),(1886,49.1945205479452,120.56438356164384),(1887,40.054794520547944,110.43287671232876),(1888,40.51912568306011,109.35792349726776)(1889,44.29041095890411,109.48493150684932)]
CA003012195,	[(1880,-39.47674418604651,76.27906976744185),(1881,-70.70890410958904,44.43728813559322),(1882,-53.17796610169491,75.05633802816901),(1883,-64.55014326647564,71.59312320916905),(1884,-60.01652892561984,78.65564738292011),(1885,-42.40547945205479,96.16712328767123),(1886,-53.556164383561644,83.16712328767123),(1887,-76.25641025641026,65.29235880398672),(1888,-47.060109289617486,77.54098360655738)(1889,-15.112328767123287,116.6054794520548)]
CA005010977,	[(1889,-45.23835616438356,83.82465753424657)]
CA005012540,	[(1885,-10.889795918367346,133.3045267489712),(1886,-60.68956043956044,94.63013698630137),(1887,-68.47123287671234,77.0989010989011),(1888,-63.49726775956284,78.03551912568307)(1889,-42.52054794520548,108.9013698630137)]
CA006068148,	[(1887,-1.7933884297520661,137.39303482587064),(1888,-287.14814814814815,77.61739130434782)(1889,1.9743589743589745,105.82934131736526)]
CA006107003,	[(1885,1.79672131147541,129.33770491803278),(1886,-21.5,107.96338028169014),(1887,-24.707988980716255,110.72176308539945),(1888,-14.48396501457726,117.25217391304348)(1889,-7.915966386554622,121.88397790055248)]
CA006112171,	[(1882,13.204918032786885,94.48360655737704),(1883,-0.7890410958904109,85.69315068493151),(1884,11.221917808219178,101.10684931506849),(1885,-2.304109589041096,86.47802197802197),(1886,10.537396121883656,103.06060606060606),(1887,9.069832402234637,106.05263157894737),(1888,-1.5534246575342465,93.4532967032967)(1889,18.220055710306408,111.6340782122905)]
CA006118187,	[(1888,48.00483091787439,149.47846889952154)(1889,-6.968652037617555,94.96865203761756)]
CA006119064,	[(1886,-7.451086956521739,124.64673913043478),(1887,-38.12876712328767,99.2986301369863),(1888,-53.81693989071038,93.91808873720136)(1889,-25.03361344537815,107.26610644257703)]
CA006144505,	[(1883,27.326797385620914,139.52287581699346),(1884,13.167123287671233,119.95342465753424),(1885,1.5041095890410958,103.7972602739726),(1886,14.578082191780823,116.37534246575342),(1887,17.873972602739727,120.44109589041096),(1888,10.565573770491802,110.13661202185793)(1889,27.553424657534247,126.54246575342465)]
CA006166416,	[(1880,6.469178082191781,126.9090909090909),(1881,10.316993464052288,131.77777777777777),(1882,6.112179487179487,122.7724358974359),(1883,-7.728155339805825,107.91585760517799),(1884,11.141643059490084,123.11614730878188),(1885,-7.942465753424657,110.5123287671233),(1886,-3.6016483516483517,118.82142857142857)(1887,-15.690751445086706,128.6986301369863)]
CA007056067,	[(1880,-29.204918032786885,62.387978142076506),(1881,-22.336088154269973,67.3030303030303),(1882,-31.767123287671232,57.79178082191781),(1883,-43.92602739726028,55.66301369863014),(1884,-43.81147540983606,51.17486338797814),(1885,-29.1768115942029,52.0986301369863),(1886,-29.775342465753425,57.83835616438356),(1887,-36.986301369863014,50.0986301369863),(1888,-36.224043715846996,48.95628415300546)(1889,-19.40821917808219,66.43561643835616)]
CA007095000,	[(1885,-95.59715639810426,27.07035175879397)]
CA008101170,	[(1880,-11.28,89.25287356321839),(1881,-18.22316384180791,73.91292134831461),(1882,-28.766016713091922,75.79329608938548),(1883,-43.8756906077348,63.649171270718234),(1884,-37.603305785123965,64.73351648351648),(1885,-31.23463687150838,54.29044117647059),(1886,-24.397759103641455,82.37254901960785),(1887,-27.80979827089337,77.05763688760807),(1888,-24.875,72.86666666666666)(1889,-12.803370786516854,91.76815642458101)]
EGE00147726,	[(1884,105.76438356164384,247.4986301369863),(1885,129.3013698630137,252.0191780821918)(1886,117.07945205479452,246.60179640718562)]
EIE00101859,	[(1880,65.0327868852459,139.19672131147541),(1881,61.12181303116147,127.78753541076487),(1882,49.23913043478261,98.97826086956522),(1883,65.11849710982659,129.71098265895955),(1884,72.27123287671233,134.5136612021858),(1885,63.85753424657534,130.31506849315068),(1886,66.25479452054795,128.55616438356165),(1887,65.73972602739725,137.96712328767123),(1888,67.7817679558011,133.2258953168044)(1889,72.71703296703296,137.3543956043956)]
GMW00035032,	[(1880,60.59836065573771,142.06284153005464),(1881,52.723287671232875,132.96438356164384),(1882,60.8,136.48219178082192),(1883,58.397260273972606,136.813698630137),(1884,64.76775956284153,144.83879781420765),(1885,53.8054794520548,133.75342465753425),(1886,60.56164383561644,140.96712328767123),(1887,48.104109589041094,125.40273972602739),(1888,50.177595628415304,124.22404371584699)(1889,57.12876712328767,130.27945205479452)]
HRE00105189,	[(1880,131.36338797814207,192.9344262295082),(1881,127.56712328767124,188.7972602739726),(1882,134.27123287671233,200.06849315068493),(1883,128.37808219178083,193.7917808219178),(1884,126.95081967213115,194.35245901639345),(1885,136.07671232876712,200.44109589041096),(1886,135.986301369863,200.75068493150684),(1887,130.7068493150685,199.04657534246576),(1888,126.94535519125684,null)(1889,108.74585635359117,null)]
RSM00027857,	[(1881,-29.468842729970326,null),(1882,-7.542465753424658,null),(1883,-11.347945205479451,null),(1884,-21.366120218579233,null)(1887,-7.6876712328767125,null)]
RSM00029348,	[(1887,94.0,247.0)]
RSM00031369,	[(1881,-260.82142857142856,null),(1883,-14.766666666666667,null),(1884,-83.46666666666667,null),(1885,-79.15702479338843,null),(1886,-61.00568181818182,null),(1887,-64.48474576271187,null),(1888,-60.90633608815427,null)(1889,-59.17065868263473,null)]
UK000000000,	[(1880,null,64.0),(1881,48.88767123287671,122.83013698630137),(1882,57.915068493150685,131.55616438356165),(1883,52.20821917808219,128.3232876712329),(1884,59.46174863387978,137.51092896174865),(1885,47.46027397260274,124.45753424657535),(1886,51.73972602739726,122.87945205479453),(1887,42.397260273972606,123.74794520547945),(1888,47.76502732240437,117.1775956284153)(1889,54.33150684931507,126.22191780821917)]
UK000003026,	[(1880,54.516417910447764,110.76785714285714),(1881,40.90958904109589,98.95342465753424),(1882,51.1945205479452,107.4423076923077),(1883,49.3502994011976,105.91044776119404),(1884,50.994535519125684,109.40710382513662),(1885,41.23013698630137,99.8958904109589),(1886,39.298630136986304,102.2),(1887,45.64657534246575,105.77260273972603),(1888,43.05191256830601,101.33060109289617)(1889,50.75068493150685,109.16712328767123)]
UPM00033587,	[(1885,12.885245901639344,null),(1887,25.36986301369863,127.73150684931507),(1888,20.06528189910979,127.1839762611276)(1889,16.19402985074627,103.96417910447761)]
USC00034988,	[(1883,145.61290322580646,247.7741935483871),(1884,91.95879120879121,208.98901098901098),(1885,87.45429362880887,206.4793388429752)(1886,-33.847457627118644,64.83050847457628)]
USC00090430,	[(1884,129.4,250.78775510204082),(1885,86.02465753424657,201.74794520547945),(1886,92.55068493150685,203.45205479452054),(1887,97.56712328767124,198.5808219178082),(1888,106.56557377049181,222.84426229508196)(1889,113.68493150684931,214.6027397260274)]
USC00117391,	[(1880,151.6413043478261,281.9347826086956),(1888,-43.58064516129032,53.45161290322581)(1889,44.654794520547945,158.46027397260275)]
USC00191820,	[(1885,30.115068493150684,114.02465753424657),(1886,36.184065934065934,110.81868131868131)(1887,37.52694610778443,115.1556886227545)]
USC00241008,	[(1880,72.0,239.0)]
USC00263040,	[(1888,-34.06666666666667,117.6896551724138)(1889,27.201117318435752,179.22128851540617)]
USC00275997,	[(1887,-25.663716814159294,94.12389380530973),(1888,-0.7401315789473685,124.875)(1889,18.375,141.11337209302326)]
USC00287865,	[(1880,81.6311475409836,127.06557377049181),(1881,81.94246575342466,157.34246575342465),(1882,80.18082191780822,149.3945205479452),(1883,81.97032640949556,155.57566765578636),(1884,76.98907103825137,152.55464480874318),(1885,67.01369863013699,147.92602739726027)(1886,83.51497005988024,141.5119760479042)]
USC00316103,	[(1882,124.78260869565217,null)]
USC00319191,	[(1883,139.50467289719626,230.47142857142856),(1887,12.172413793103448,117.79310344827586),(1888,88.59228650137742,206.11845730027548)(1889,94.08611111111111,202.8060941828255)]
USC00343300,	[(1880,94.19398907103825,219.29234972677597),(1881,107.58630136986301,231.2869318181818),(1882,100.11538461538461,224.8131868131868),(1883,93.0702479338843,223.34297520661158),(1884,118.97282608695652,250.34782608695653),(1885,70.64931506849315,215.25479452054793),(1886,94.83561643835617,227.3890410958904),(1887,97.69315068493151,227.2958904109589),(1888,86.22527472527473,216.1346153846154)(1889,94.33424657534246,220.5013698630137)]
USC00348285,	[(1888,22.0,183.0)]
USC00354506,	[(1887,35.75471698113208,187.32075471698113),(1888,-9.5,110.31651376146789)(1889,20.49173553719008,159.85185185185185)]
USC00406012,	[(1883,20.5,138.45)]
USC00422996,	[(1887,-378.2903225806452,-44.61290322580645),(1888,-44.89344262295082,164.7431693989071)(1889,-5.380821917808219,153.46849315068494)]
USC00485355,	[(1881,878.0,44.0)]
USW00013872,	[(1880,15.403846153846153,116.11320754716981),(1887,79.34979423868313,184.89711934156378)(1889,73.39944134078212,190.60055865921788)]
USW00024121,	[(1888,-13.575091575091575,228.2087912087912)(1889,-28.528767123287672,222.62191780821917)]
USW00024157,	[(1889,31.348684210526315,149.05882352941177)]
USW00093852,	[(1880,174.2295081967213,259.0136612021858),(1881,173.5917808219178,257.9013698630137),(1882,174.90684931506848,258.6082191780822),(1883,175.6931506849315,260.7917808219178),(1884,167.94808743169398,255.37158469945356),(1885,159.42191780821918,247.27671232876713),(1886,155.86575342465753,245.43561643835616),(1887,155.53424657534248,252.73150684931508),(1888,159.4808743169399,257.344262295082)(1889,151.2931506849315,253.62465753424658)]
USW00094728,	[(1880,75.76229508196721,156.9863387978142),(1881,73.44657534246575,152.56164383561645),(1882,73.3972602739726,146.64383561643837),(1883,62.87397260273973,139.94520547945206),(1884,75.69398907103825,149.17534246575343),(1885,64.59452054794521,143.36712328767123),(1886,66.4958904109589,148.81643835616438),(1887,64.60164835164835,146.4945054945055),(1888,57.221311475409834,136.84699453551912)(1889,78.42465753424658,154.22465753424657)]
UZM00038618,	[(1881,-9.8,null),(1882,55.016666666666666,null),(1883,68.41643835616438,null),(1884,65.8224043715847,null),(1888,83.08743169398907,null)(1889,64.32054794520548,null)]
